0 5824357 500 0
0.01 5824355.93550964 500.707095027216 0.357395331570984
0.03 5824353.80201121 502.124285808481 1.07370298331262
0.0638598655136499 5824350.17623985 504.532728384239 2.29103176690004
0.113681199579544 5824344.80964752 508.097521398546 4.09283108347115
0.180177958900776 5824337.58771535 512.894733055199 6.51755159656458
0.263274306441336 5824328.46706763 518.953173580157 9.5797587902326
0.362514429973177 5824317.43322814 526.282455875801 13.2843159840028
0.477287985028353 5824304.47788678 534.888096307109 17.6340169122655
0.606939516691283 5824289.58820202 544.778620595912 22.6331773861225
0.750816798459215 5824272.74231425 555.968544047447 28.2891417038467
0.908289930208539 5824253.90774907 568.47943211642 34.6128188147127
1.07875732993377 5824233.04105096 582.340143643734 41.6188053982712
1.26164623613834 5824210.08787623 597.586769002662 49.3253547654698
1.45641115347176 5824184.98320545 614.262488880877 57.7543056740471
1.6625317227831 5824157.65153404 632.41744749463 66.9310184686515
1.87951061561808 5824128.00698813 652.1086755016 76.8843363735669
2.10687166603424 5824095.95334996 673.400072899952 87.6465771412297
2.34415828846687 5824061.38399263 696.362452178252 99.253555194409
2.59093216526638 5824024.1817289 721.073638471242 111.744632626726
2.84677216553885 5823984.21858025 747.618622710286 125.162797039663
3.11127345308745 5823941.35547157 776.089764076078 139.554764356139
3.38404674452437 5823895.44185615 806.587038749195 154.971105099391
3.66471768419161 5823846.31527428 839.218332713639 171.466393010773
3.95292630837724 5823793.80084767 874.09977708545 189.09937524362
4.24832657665871 5823737.71071123 911.356125077193 207.93316369436
4.55058595280228 5823677.84338242 951.121170266505 228.035447315246
4.85938502148305 5823613.98306818 993.538206321953 249.478725499797
5.17441713023398 5823545.89890839 1038.76052876476 272.340562848839
5.49538804857909 5823473.34415446 1086.95197972258 296.7038658179
5.82201563835407 5823396.05528111 1138.28753697261 322.657181921463
6.15402953085284 5823313.75102879 1192.95394888535 350.295022330835
6.49117080773366 5823226.13137397 1251.15041717445 379.718208854039
6.83319168363736 5823132.87642393 1313.08932963938 411.034246431617
7.17985518926453 5823033.64523222 1378.99704536107 444.357722424142
7.53093485426734 5822928.07453081 1449.11473508026 479.810734107874
7.88621438977561 5822815.77737431 1523.69927975907 517.523345936437
8.24548737071734 5822696.34169113 1603.02423059942 557.634078270132
8.60855691834156 5822569.32873651 1687.38083407241 600.29042942227
8.9752353835201 5822434.27144118 1777.07912580174 645.649433024947
9.34534403151361 5822290.67264968 1872.44909744414 693.878252876211
9.71871272894773 5822138.00324138 1973.84194102345 745.154817598039
10.0951796337683 5821975.70012689 2081.63137550361 799.668497610722
10.4745908889407 5821803.16411215 2196.21506073244 857.620827115933
10.856800320631 5821619.75762177 2318.01610425331 919.22627397834
11.2416691415659 5821424.80227253 2447.4846668691 984.713060606099
11.6290656602161 5821217.57628759 2585.09967325319 1054.32403915464
12.0188649963893 5820997.31174105 2731.37063433844 1128.31762461741
12.4109488037552 5820763.1916217 2886.83958867872 1206.96878962317
12.8052049997612 5820514.3467045 3052.08317047158 1290.57012503315
13.2015275033347 5820249.85221682 3227.71481245715 1379.43297072523
13.5998159807034 5819968.72428626 3414.38709246979 1473.88862126692
13.9999755996092 5819669.91615546 3612.79423301841 1574.28961151772
14.401916792132 5819352.31414852 3823.67476391216 1681.01108756475
14.8055550262915 5819014.73337258 4047.81435863188 1794.4522687872
15.2108105865457 5818655.91313685 4286.04885588024 1915.03800726659
15.6176083632646 5818274.51207026 4539.26747852599 2043.22045121405
16.0258776512173 5817869.10291743 4808.41626299618 2179.48081957603
16.4355519570797 5817438.16699143 5094.50171306756 2324.33129550885
16.8465688159407 5816980.08826005 5398.59469297021 2478.31704698421
17.2588696167608 5816493.14704085 5721.83457574751 2642.01838340652
17.672399436715 5815975.51327829 6065.43366392108 2816.05305779134
18.0871068843408 5815425.23937452 6430.68190069737 3001.07872478055
18.5029439513934 5814840.25254322 6818.95189122354 3197.79556555511
18.9198658733069 5814218.34665367 7231.7042547701 3406.94909156068
19.3378309981519 5813557.17352993 7670.493330186 3629.33313988867
19.7568006639788 5812854.23366729 8136.97325855275 3865.7930741638
20.1767390844363 5812106.86632545 8632.90446866391 4117.22920588803
20.5976132425589 5811312.23895483 9160.160592787 4384.60045238805
21.0193927926228 5810467.33590905 9720.73584213598 4668.92824881998
21.4420499699773 5809568.94639328 10316.7528736074 4971.30073311221
21.8655595087725 5808613.65159409 10950.4711816268 5292.87722428943
22.2898985675151 5807597.81093225 11624.2960514256 5634.89301633074
22.7150466624011 5806517.54737567 12340.7881127437 5998.66451159019
23.1409856083909 5805368.73174429 13102.6735358432 6385.59471986812
23.5676994680161 5804146.96593367 13912.8549148481 6797.17915148631
23.9951745079243 5802847.56497797 14774.4228868156 7235.01213521435
24.4233991632013 5801465.53786674 15690.6685386193 7700.7935946454
24.852364009529 5799995.56702263 16665.0966577135 8196.33631965746
25.2820617432767 5798431.98633986 17701.4398871872 8723.57377295822
25.7124871696509 5796768.75767434 18803.6738502308 9284.56847543524
26.143637199069 5794999.44566756 19976.0333142778 9881.52101816746
26.5755108519635 5793117.19077576 21223.0294706922 10516.7797535505
27.0081092722655 5791114.68036491 22549.4684119888 11192.851223105
27.441435749869 5788984.11771947 23960.4708952776 11912.411385253
27.8754957524309 5786717.18879932 25461.4934879552 12678.3177127267
28.3102969669226 5784305.02656385 27058.3511997195 13493.6222364317
28.7458493514166 5781738.17266556 28757.2417138315 14361.5856206072
29.1821651976681 5779006.53629655 30564.7713402974 15285.6923631543
29.6192592051329 5776099.34995044 32487.9828243912 16269.667225174
30.0571485671627 5773005.12183893 34534.3851558285 17317.4930052432
30.4958530702191 5769711.58467598 36711.9855370669 18433.4297869562
30.9353952070736 5766205.64051315 39029.3236838355 19622.0358030154
31.3758003050936 5762473.30127681 41495.5086472673 20888.1900759217
31.8170966708704 5758499.6246204 44120.2583651654 22237.1170144409
32.2593157526231 5754268.64466288 46913.9421702473 23674.4131668749
32.7024923220119 5749763.2971368 49887.6265060009 25206.0763572056
33.1466646772307 5744965.33841464 53053.1241264122 26838.5374589513
33.5918748695131 5739855.25782052 56423.0470847604 28578.6950947239
34.0381689554963 5734412.18256281 60010.8638494143 30433.9535877792
34.4855972782498 5728613.77454199 63830.9609217661 32412.2645362508
34.9342147801896 5722436.11819379 67898.7093738343 34522.1724323738
35.3840813515917 5715853.5984192 72230.5367715791 36772.8648092185
35.8352622189902 5708838.76752638 76844.0050056989 39174.227467928
36.2878283784235 5701362.19996284 81757.8946159302 41736.9054212289
36.7418570792883 5693392.33344409 86992.2962693288 44472.3702865829
37.1974323655134 5684895.29488255 92568.7101396057 47392.9949778471
37.654645681894 5675834.70928257 98510.1540358647 50512.1366815679
38.1135965547837 5666171.48948411 104841.281248053 53844.2292678419
38.5743933579705 5655863.604301 111588.509216964 57404.8864820359
39.0371541765357 5644865.82219635 118780.160303504 61211.0175001515
39.502007783888 5633129.42715183 126446.616131298 65280.9567168706
39.9690947500924 5620601.90280014 134620.487216263 69634.609983595
40.4385687032068 5607226.58017355 143336.799886557 74293.6199398955
40.9105977697845 5592942.24354468 152633.202849173 79281.5536061481
41.3853662262254 5577682.68775337 162550.196192187 84624.1160544494
41.8630763995761 5561376.21906935 173131.386146429 90349.3947842235
42.3439508651076 5543945.0899588 184423.769596376 96488.1404448261
42.8282349990807 5525304.85600108 196478.05316671 103074.09083221
43.3161999593132 5505363.64050416 209349.012771321 110144.346724524
43.8081461845056 5484021.28890429 223095.900868273 117739.810227441
44.3044075272173 5461168.39054921 237782.910417974 125905.699032817
44.8053561668971 5436685.13959047 253479.70683342 134692.153576108
45.3114084913541 5410439.99893588 270262.042241069 144154.958823052
45.8230321916037 5382288.12079731 288212.4704268 154356.408775892
46.3407548921988 5352069.46323275 307421.18634544 165366.350421814
46.8651747459475 5319606.52262191 327987.021651933 177263.45572616
47.396973571953 5284701.57480992 350018.638318656 190136.786871428
47.9369333302774 5247133.27896841 373635.977507859 204087.743523733
48.4859570385346 5206652.44217134 398972.042797088 219232.515031573
49.0450956993013 5162976.65975737 426175.129379035 235705.210863596
49.6155835121246 5115783.42097702 455411.660255708 253661.91876728
50.1988847439569 5064701.07421753 486869.867506125 273286.058276346
50.7967574001156 5009296.733489 520764.680605964 294795.585905043
51.4113417782274 4949059.68987902 557344.389992887 318452.920128093
52.0452870730213 4883377.99888372 596900.011281925 344578.989834353
52.7019384104852 4811504.30274727 639778.923948334 373573.773304399
53.3856243160867 4732503.87215529 686405.602709837 405947.525134881
54.1021206866399 4645171.57920275 737314.815056003 442370.605741247
54.8594475420351 4547890.60446046 793208.365191769 483758.030347779
55.6693534030894 4438371.34300877 855060.663983534 531424.993007704
56.550410113769 4313111.0292621 924339.257258119 587406.713479785
57.5356418019258 4166070.50521369 1003551.35282896 655235.141957346
58.542124395505 4009133.24330042 1085401.29039852 730322.466301067
59.5188719957496 3851389.85858071 1164649.24358313 808817.897836168
60.4667571880157 3694313.41539822 1240300.10216813 890243.482433659
61.401338244539 3536760.69577305 1312625.46129683 975470.842930117
62.3408303295035 3376919.65648895 1382029.93807632 1065907.40543474
63.3047095983732 3212714.49486555 1448757.77072489 1163384.73440957
64.3165469480782 3041545.90802489 1512861.84643557 1270449.24553955
65.3294698746172 2872871.02783239 1569967.26492375 1382018.70724386
66.3287709949484 2710394.12894709 1618598.93218904 1495863.93886387
67.3184194556282 2554444.11205273 1658666.95687984 1611745.93106744
68.3074281714934 2404440.69928195 1690328.68441036 1730087.61630769
69.3053957562373 2259738.49340223 1713656.5127329 1851461.99386487
70.3215692270629 2119834.97832454 1728582.53164032 1976439.49003515
71.3650270304827 1984379.0498985 1734912.83939479 2105565.11070671
72.4451766274042 1853132.66026136 1732347.86574751 2239376.47399113
73.5300354839344 1730527.9544384 1721097.50362437 2373231.54193723
74.591872855156 1619329.13026886 1702423.66918224 2503104.20054891
75.6323858666391 1518558.97764977 1677553.96725163 2628744.05509861
76.6607320312319 1426608.41744187 1647361.50741727 2750887.07514087
77.6865130741932 1342073.48166296 1612447.91149951 2870335.60683753
78.7182732718094 1263864.74447803 1573246.99448345 2987745.26103852
79.7635971572703 1191148.17981318 1530088.91768835 3103619.90249847
80.8295566632451 1123271.65149852 1483233.76211285 3218351.58638864
81.9231885620041 1059708.11965154 1432887.27259484 3332261.60775363
83.051970000368 1000015.65388 1379206.0000917 3445635.34602831
84.2243491511981 943808.840159332 1322294.56414575 3558753.59569492
85.4178288648083 892077.382660825 1263795.12274941 3668984.49458977
86.6242231879193 844855.621405822 1204664.92701751 3775336.45157667
87.8443295655685 801753.378590095 1145370.00793986 3877733.61347005
89.0818084704591 762322.740640003 1086184.67864389 3976349.58071611
90.3410569476921 726158.524381555 1027310.21091029 4071388.26470816
91.626559087738 692915.319246104 968919.434659082 4163022.24609482
92.9427445571672 662302.00886716 911173.018222981 4251381.97290986
94.2940086300019 634072.221662623 854225.299538107 4336559.47879927
95.6847765641106 608015.617085706 798226.313632039 4418615.06928226
97.1195760016103 583950.89756556 743322.405437973 4497583.69699647
98.603108448334 561720.386002182 689656.261624315 4573480.35237351
100.140319678576 541185.824043396 637366.644228269 4646304.53172834
101.736471518959 522225.083265041 586587.920840294 4716043.99589467
103.397218193578 504729.554803638 537449.425929168 4782678.0192672
105.128690717445 488602.046876643 490074.671729549 4846180.28139381
106.839720451397 474510.782855537 446941.343806356 4903404.87333811
108.500639755474 462364.562544733 408381.059599781 4954111.37785549
110.111903378546 451847.996591107 373906.506216218 4999102.49719268
111.681294572482 442663.736082894 342934.349043749 5039258.91487336
113.216838203889 434575.56540738 314962.446770333 5075318.98782229
114.725163024645 427401.898664923 289587.103249784 5107867.9980853
116.211445265202 421002.214723527 266485.103692749 5137369.68158373
117.679699070661 415265.79711601 245393.715332104 5164197.48755189
119.133071245484 410103.694768385 226095.214906442 5188658.09032518
120.574069750596 405443.163437813 208405.890541114 5211007.94602108
122.004728161112 401223.798858653 192168.328445648 5231464.8726957
123.426722065797 397394.793423776 177245.934652925 5250216.2719233
124.841451956377 393912.944152232 163518.957014263 5267425.09883351
126.250103175262 390741.172915215 150881.525054363 5283234.30203043
127.653690087022 387847.40420582 139239.394603051 5297770.20119113
129.053089243781 385203.698354174 128508.191943649 5311145.10970218
130.449064731426 382785.57123223 118612.020302037 5323459.40846574
131.842287854789 380571.452775048 109482.334938283 5334803.21228667
133.233352649414 378542.250627085 101057.021335114 5345257.7280378
134.622788264789 376680.994622464 93279.629726468 5354896.37565107
136.011068966565 374972.544268797 86098.7319346058 5363785.7237966
137.398622301841 373403.345934935 79467.3753022864 5371986.27876278
138.785835829848 371961.229679048 73342.6147354986 5379553.15558546
140.173062719834 370635.238003325 67685.1083503769 5386536.6536463
141.560626445566 369415.480553377 62458.7654892323 5392982.7539574
142.94882475291 368293.010074249 57630.4382955507 5398933.55163021
144.337933037724 367259.715913218 53169.6498595225 5404427.63422726
145.728207241879 366308.232107769 49048.3533312046 5409500.41456103
147.119886352905 365431.857675063 45240.7174643287 5414184.42486061
148.513194575637 364624.487169974 41722.9348825085 5418509.57794752
149.908343231044 363880.549933318 38473.0500104061 5422503.40005628
151.305532427074 363194.956733048 35470.8041282495 5426191.23913871
152.704952538258 362563.05272577 32697.4954205744 5429596.45185366
154.106785524388 361980.57584666 30135.8522226338 5432740.57193071
155.511206113476 361443.619882073 27769.9179381931 5435643.46217974
156.918382870109 360948.601598372 25584.9463237114 5438323.45207792
158.328479167016 360492.231398044 23567.3060163869 5440797.46258557
159.741654075006 360071.487054622 21704.3933350419 5443081.11961034
161.158063184298 359683.590144423 19984.5525094118 5445188.85734617
162.577859368497 359325.984848504 18397.0025998455 5447134.01255166
164.001193501085 358996.318844428 16931.7704594453 5448928.91069613
165.428215133156 358692.426046251 15579.6291672457 5450584.94478651
166.859073140201 358412.31098383 14332.0414265099 5452112.64758967
168.293916345068 358154.134640145 13181.1074785031 5453521.75788136
169.73289412363 357916.201588857 12119.5171307161 5454821.28128043
171.17615699934 357696.948294255 11140.5055407027 5456019.54616505
172.623857232536 357494.932452861 10237.8124334632 5457124.25511368
174.07614941022 357308.823270622 9405.64446249927 5458142.53226688
175.533191042006 357137.392582201 8638.64045295279 5459080.96696485
176.995143167969 356979.5067298 7931.83929019731 5459945.65398001
178.462170984339 356834.11912834 7280.65023934907 5460742.23063232
179.93444449325 356700.263452028 6680.82550079117 5461475.91104719
181.412139183207 356577.047384445 6128.43482429995 5462151.51779126
182.89543674745 356463.646880518 5619.84202000145 5462773.51109949
184.38452584816 356359.300894192 5151.68321840433 5463346.01588741
185.879602935288 356263.306530384 4720.84674435738 5463872.84672527
187.380873129944 356175.014584014 4324.45448113557 5464357.53093486
188.888551183608 356093.825432618 3959.8446111141 5464803.32995627
190.402862526071 356019.185252333 3624.55562877476 5465213.2591189
191.924044417066 355950.582529945 3316.31153020953 5465590.10593985
193.452347218977 355887.544846293 3033.00809093949 5465936.44706277
194.988035811059 355829.635908596 2772.70015083325 5466254.66394058
196.531391169279 355776.452811357 2533.58983126153 5466546.95735739
198.082712140484 355727.623507316 2314.01561542437 5466815.36087727
199.642317445242 355682.804471556 2112.44222809081 5467061.75330036
201.210547950751 355641.678543394 1927.45125584471 5467287.87020077
202.787769264064 355603.952931951 1757.73245337689 5467495.31461468
204.374374707025 355569.357372548 1602.07568544108 5467685.56694202
205.970788748503 355537.64242212 1459.3634578296 5467859.99412006
207.577470987701 355508.577882829 1328.56399415328 5468019.85812302
209.194920805854 355481.951343928 1208.72481835209 5468166.32383773
210.823682834332 355457.566832724 1098.96680573813 5468300.46636154
212.464353427692 355435.243566211 998.478667994785 5468423.2777658
214.11758838426 355414.81479556 906.511839936506 5468535.67336451
215.784112229795 355396.126736261 822.375737974519 5468638.49752577
217.464729479572 355379.037577175 745.433362129513 5468732.5290607
219.160338432752 355363.416562221 675.09721506519 5468818.48622272
220.871948248219 355349.143138762 610.825512947541 5468897.0313483
222.600700331324 355336.106167007 552.118663895395 5468968.7751691
224.347895471032 355324.203184929 498.515990257188 5469034.28082482
226.115028780088 355313.339723134 449.592670717752 5469094.06760615
227.903835430113 355303.42866392 404.956876940064 5469148.61445915
229.71635165291 355294.389638053 364.247076421744 5469198.36328553
231.554997883657 355286.14845155 327.129467275166 5469243.72208118
233.422694974316 355278.636532226 293.295499374374 5469285.06796841
235.323031532655 355271.79038108 262.45941500481 5469322.75020392
237.260513622666 355265.551004385 234.355700645333 5469357.09329498
239.240953961738 355259.863283481 208.736256508815 5469388.40046002
241.272112595112 355254.675197862 185.366903796284 5469416.95789835
243.36482873105 355249.93671726 164.022399628193 5469443.04088312
245.5352204464 355245.597905401 144.477899724824 5469466.92419488
247.80958869091 355241.604887604 126.490797071081 5469488.90431533
250 355238.230019682 111.288043606226 5469507.48193672
