0 5824357 500 0
0.00605849825976304 5824350.90649887 505.875857289112 0.217643836368271
0.0118143134972409 5824345.05111638 511.522100700622 0.426782915810728
0.0174441167867259 5824339.26071331 517.10568538204 0.63360130564119
0.0230119291119889 5824333.47191211 522.687725203964 0.840362686349301
0.0285416623612688 5824327.66085947 528.291221488673 1.047919038874
0.0341071632958962 5824321.74932067 533.991614614183 1.25906472002351
0.0399325952814806 5824315.49335944 540.024128001488 1.48251255948241
0.0460891247877739 5824308.8050089 546.47358653188 1.72140456725797
0.05259554328539 5824301.64971704 553.373308048873 1.97697491474723
0.0594517915251458 5824294.01193666 560.738284371453 2.24977897391011
0.0666510867667589 5824285.88258346 568.577275259522 2.54014128359995
0.0741844207106679 5824277.25434601 576.897330924272 2.84832306594862
0.0820422256540651 5824268.11993236 585.705482792337 3.17458485359813
0.0902149774556324 5824258.47142777 595.009362805225 3.51920942938934
0.0986933999529427 5824248.30007193 604.817418286323 3.88250978569917
0.107468521843451 5824237.59619192 615.138976564364 4.26483151871529
0.116531680666256 5824226.34919066 625.984256104655 4.6665532413701
0.125874509294561 5824214.54755293 637.364360704767 5.08808636901927
0.135488917950234 5824202.1788549 649.291270318113 5.52987478026533
0.145367076322716 5824189.22977214 661.777833325444 5.9923945314676
0.155501397236422 5824175.68608454 674.837761784926 6.47615368163841
0.165884522170661 5824161.53267778 688.485629984437 6.98169223971902
0.176509308545173 5824146.75354157 702.736876202601 7.50958223077549
0.187368818570176 5824131.33176467 717.607807463001 8.06042787313673
0.198456309444528 5824115.24952709 733.115607050928 8.63486585793544
0.209765224702693 5824098.4880897 749.278344582199 9.23356572326267
0.221289186536785 5824081.02778124 766.11498844333 9.85723031624796
0.233021988945286 5824062.84798321 783.645420451967 10.5065963374748
0.244957591582678 5824043.92711243 801.890452613096 11.1824349631278
0.257090114203749 5824024.24260159 820.871845869938 11.885552541135
0.269413831612707 5824003.77087788 840.612330768232 12.6167913583006
0.281923169041153 5823982.48733956 861.13562996981 13.3770304760648
0.29461269789067 5823960.3663308 882.466482566115 14.1671866330704
0.307477131785522 5823937.38111463 904.630670154957 14.9882152131875
0.320511322889438 5823913.50384407 927.655044655055 15.8411112780638
0.333710258447322 5823888.7055315 951.567557842428 16.7269106636226
0.347069057518813 5823862.95601626 976.397292601448 17.6466911402537
0.360582967875682 5823836.22393048 1002.17449589096 18.6015736367254
0.374247363039378 5823808.47666304 1028.93061343277 19.5927235281045
0.388057739438659 5823779.68032188 1056.69832613595 20.6213519881939
0.402009713670556 5823749.79969432 1085.51158827629 21.6887174072238
0.416099019850369 5823718.79820567 1115.4056674551 22.7961268757095
0.430321507038934 5823686.6378759 1146.41718636688 23.944937735588
0.444673136737173 5823653.27927439 1178.58416640962 25.1365591999017
0.459149980439777 5823618.68147278 1211.94607317587 26.3724540424707
0.473748217241137 5823582.80199578 1246.54386386696 27.6541403591389
0.488464131488006 5823545.59676993 1282.42003667652 28.9831934023334
0.503294110474307 5823507.02007032 1319.61868219336 30.3612474908165
0.51823464217448 5823467.02446513 1358.18553687751 31.7899979966543
0.5332823130124 5823425.56075793 1398.16803866688 33.2712034115571
0.54843380566363 5823382.57792773 1439.61538477545 34.8066874948859
0.563685896889228 5823338.02306675 1482.57859174775 36.3983415057552
0.579035455399806 5823291.84131564 1527.11055783762 38.0481265217921
0.594479439748921 5823243.97579637 1573.2661277831 39.7580758472544
0.610014896255124 5823194.36754244 1621.10216005277 41.5302975133367
0.625638956952323 5823142.95542649 1670.67759664243 43.3669768736417
0.641348837568235 5823089.6760852 1722.05353550471 45.2703792979219
0.657141835530912 5823034.46384134 1775.29330569807 47.2428529673488
0.673015328003464 5822977.25062288 1830.46254534525 49.2868317747059
0.688966769947112 5822917.96587918 1887.62928249505 51.4048383330464
0.704993692212901 5822856.53649392 1946.86401898564 53.599487096519
0.721093699662314 5822792.886695 2008.23981741122 55.8734875972037
0.737264469317194 5822726.9379609 2071.83239129829 58.2296478019783
0.753503748539278 5822658.60892381 2137.72019860198 60.6708775935821
0.769809353239705 5822587.81526899 2205.98453863722 63.2001923802217
0.786179166118849 5822514.4696306 2276.709652564 65.8207168382353
0.802611134936827 5822438.48148366 2349.98282755103 68.535688792517
0.819103270814958 5822359.75703202 2425.89450474635 71.3484632395767
0.835653646568476 5822278.1990923 2504.5383911888 74.2625165183153
0.852260395070693 5822193.70697357 2586.011575799 77.2814506337779
0.868921707648901 5822106.17635267 2670.41464959443 80.4089977393757
0.885635832512104 5822015.49914494 2757.85183027787 83.649024783256
0.902401073210746 5821921.56337033 2848.43109135463 87.0055383247297
0.919215787128535 5821824.25301454 2942.2642959397 90.482689526903
0.936078384006394 5821723.44788525 3039.46733542211 94.0847793318788
0.952987324498566 5821619.02346302 3140.16027315967 97.8162638251523
0.969941118760814 5821510.85074682 3244.46749338427 101.681759796069
0.986938325070714 5821398.796094 3352.51785550437 105.686050501495
1.00397754847985 5821282.72105437 3464.444853998 109.834091640093
1.02105743949787 5821162.48219836 3580.38678409741 114.13101754492
1.03817669280817 5821037.93093893 3700.4869134736 118.582147602331
1.05533404601498 5820908.91334696 3824.8936601363 123.192992905479
1.07252827842177 5820775.26996008 3953.76077677418 127.969263151049
1.08975820984051 5820636.83558445 4087.24754176713 132.916873788164
1.10702269943166 5820493.43908946 4225.51895711161 138.041953428759
1.1243206445745 5820344.90319496 4368.74595350911 143.350851529073
1.14165097976756 5820191.04425077 4517.1056028773 148.850146352311
1.15901267555869 5820031.67200823 4670.78133855181 154.546653222846
1.17640473750445 5819866.58938346 4829.96318345854 160.447433082823
1.19382620515854 5819695.5922121 4994.84798654504 166.559801362383
1.21127615108873 5819518.46899506 5165.6396677711 172.891337175181
1.22875367992195 5819335.00063518 5342.54947196965 179.449892851337
1.24625792741715 5819144.96016428 5525.79623190085 186.243603820419
1.26378805956547 5818948.11246031 5715.60664083397 193.280898857563
1.2813432717173 5818744.21395429 5912.2155350044 200.570510706339
1.29892278773578 5818533.01232661 6115.86618630592 208.121487092508
1.31652585917639 5818314.24619227 6326.81060559219 215.943202143389
1.33415176449207 5818087.6447748 6545.30985697475 224.045368228111
1.35179980826343 5817852.92756825 6771.63438352004 232.438048234657
1.36946932045375 5817609.80398694 7006.0643447629 241.131668300232
1.38715965568818 5817357.97300252 7248.88996646885 250.137031012113
1.40487019255677 5817097.12276781 7500.41190309564 259.46532909692
1.42260033294084 5816826.93022697 7760.94161341895 269.128159616835
1.44034950136241 5816547.0607115 8030.80174980751 279.137538692177
1.45811714435599 5816257.16752158 8310.32656164812 289.505916770404
1.47590272986261 5815956.8914921 8599.86231344345 300.246194462544
1.49370574664549 5815645.86054291 8899.76771812243 311.37173896883
1.51152570372696 5815323.68921276 9210.41438612507 322.89640111623
1.52936212984629 5814989.97817613 9532.18729084449 334.834533031503
1.54721457293807 5814644.3137425 9865.48525103186 347.20100647441
1.5650825996306 5814286.26733735 10210.7214307914 360.011231856649
1.58296579476409 5813915.39496421 10568.3238578194 373.281177973268
1.60086376092828 5813531.23664697 10938.7359605629 387.027392474301
1.61877611801898 5813133.31585189 11322.417125003 401.267023105645
1.63670250281344 5812721.13888846 11719.8432717927 416.017839749343
1.65464256856402 5812294.1942882 12131.5074545087 431.298257294785
1.67259598460995 5811851.95216082 12557.9204798046 447.127359373607
1.69056243600684 5811393.86352672 12999.6115502863 463.52492299253
1.70854162317365 5810919.35962494 13457.1289309583 480.511444099863
1.72653326155691 5810427.85119575 13931.0406401271 498.108164122837
1.74453708131183 5809918.72773681 14421.9351656798 516.337097514744
1.76255282700016 5809391.35673196 14930.4222076931 535.221060352344
1.78058025730443 5808845.08285161 15457.1334483652 554.783700025941
1.79861914475852 5808279.22712363 16002.7233503039 575.049526066347
1.81666927549425 5807693.08607361 16567.869984242 596.043942154927
1.83473044900381 5807085.93083334 17153.2758872985 617.793279364982
1.85280247791788 5806457.00621637 17759.6689529433 640.324830684894
1.87088518779934 5805805.52975925 18387.8033538755 663.666886875819
1.88897841695228 5805130.69072722 19038.460499068 687.848773718965
1.90708201624638 5804431.64908301 19712.4500262875 712.900890710206
1.9251958489564 5803707.53441729 20410.6108314489 738.854751262337
1.9433197906168 5802957.44483931 21133.8121362186 765.743024478111
1.96145372889138 5802180.4458261 21882.9545953406 793.599578560155
1.9795975634578 5801375.56902886 22658.971445218 822.459525926993
1.99775120590718 5800541.81103455 23462.8296953499 852.359270107753
2.01591457965856 5799678.13208123 24295.5313642827 883.336554491455
2.03408761988827 5798783.45472518 25158.1147618137 915.430513010628
2.0522702734743 5797856.66245791 26051.6558192478 948.681722842744
2.07046249895576 5796896.59827119 26977.2694695932 983.13225921715
2.08866426650729 5795902.06316793 27936.1110796549 1018.82575241941
2.10687555792881 5794871.81461684 28929.3779360714 1055.80744708962
2.12509636665047 5793804.56494866 29958.3107874283 1094.12426391616
2.14332669775316 5792698.9796915 31024.1954446723 1133.82486383122
2.16156656800458 5791553.67584303 32128.364442147 1174.95971482025
2.17981600591114 5790367.22007687 33272.1987616726 1217.58116146298
2.19807505178598 5789138.12688047 34457.1296221976 1261.74349732977
2.21634375783322 5787864.85662197 35684.6403376637 1307.50304036372
2.2346221882488 5786545.81354277 36956.2682458398 1354.91821138562
2.25291041933831 5785179.34367313 38273.6067110069 1404.04961586632
2.27120853965198 5783763.73266738 39638.3072035059 1454.96012911874
2.28951665013737 5782297.20355564 41052.081459294 1507.71498507016
2.30783486431003 5780777.91440842 42516.7037228005 1562.38186878392
2.32616330844278 5779203.95591056 44034.0130765277 1619.03101290933
2.34450212177395 5777573.34884075 45605.9158609979 1677.73529824855
2.36285145673509 5775884.04145254 47234.3881888204 1738.5703586395
2.38121147919898 5774133.90675281 48921.4785568224 1801.6146903655
2.39958236874823 5772320.73967329 50669.3105603908 1866.94976631448
2.41796431896545 5770442.25413053 52480.0857143507 1934.66015512311
2.43635753774554 5768496.07996951 54356.0863849359 2004.83364555562
2.45476224763096 5766479.75978601 56299.6788376123 2077.56137638109
2.47317868617087 5764390.74562221 58313.3164057645 2152.93797202966
2.49160710630489 5762226.39553019 60399.5427854897 2231.06168432401
2.51004777677276 5759983.96999737 62560.9954620259 2312.03454060171
2.52850098255063 5757660.62822783 64800.4092736028 2395.96249856229
2.54696702531535 5755253.42427299 67120.6201188112 2482.95560819471
2.56544622393784 5752759.30300493 69524.568813904 2573.12818116259
2.58393891500696 5750175.09592518 72015.3051067728 2666.59896804914
2.60244545338515 5747497.51680141 74595.9918546987 2763.49134388898
2.62096621279749 5744723.15712419 77269.9093733694 2863.93350244257
2.63950158645568 5741848.48137526 80040.4599650397 2968.05865969813
2.65805198771869 5738869.82209871 82911.1726341679 3076.00526711895
2.67661785079204 5735783.37476551 85885.7079992998 3187.91723518825
2.69519963146755 5732585.19242168 88967.8634104815 3303.94416784165
2.71379780790584 5729271.18010958 92161.5782820004 3424.24160841771
2.7324128814638 5725837.08905138 95470.9396508208 3548.97129780109
2.75104537756959 5722278.51058284 98900.1879716827 3678.30144548004
2.76969584664772 5718590.86982523 102453.723160482 3812.40701429178
2.78836486509719 5714769.41908207 106136.11089825 3951.47001968483
2.80705303632573 5710809.23094683 109952.089208778 4095.67984438768
2.82576099184344 5706705.19110679 113906.575323772 4245.23356943932
2.8444893924195 5702451.99082715 118004.672850241 4400.33632260828
2.86323892930566 5698044.11909889 122251.679255806 4561.20164530426
2.88201032553094 5693475.85443226 126653.093688565 4728.05187917158
2.90080433727172 5688741.25627705 131214.625149305 4901.11857364571
2.91962175530245 5683834.1560492 135942.20103495 5080.64291585413
2.93846340653195 5678748.14774217 140841.976073478 5266.87618435396
2.95733015563118 5673476.57809982 145920.341671863 5460.0802283179
2.97622290675867 5668012.53632595 151183.93570014 5660.52797391213
2.99514260539027 5662348.84330397 156639.652736279 5868.50395975392
3.01409024026051 5656478.04029815 162294.654798358 6084.3049034955
3.03306684542353 5650392.37710581 168156.382592432 6308.24030175306
3.05207350244226 5644083.7996276 174232.567306611 6540.6330657933
3.07111134271507 5637543.93682024 180531.242984163 6781.82019559823
3.09018154995039 5630764.08699386 187060.759510979 7032.15349516281
3.1092853628002 5623735.20341239 193829.796255477 7292.00033213501
3.12842407766484 5616447.87915273 200847.376402079 7561.74444519216
3.14759905168235 5608892.33117442 208122.882022715 7841.78680286068
3.16681170591715 5601058.3835477 215666.069934469 8132.54651783403
3.18606352876388 5592935.44978321 223487.088395559 8434.46182123061
3.20535607958437 5584512.51420209 231596.494696253 8747.9911016604
3.22469099259678 5575778.11227921 240005.273706343 9073.61401444988
3.24406998103861 5566720.30988684 248724.857446258 9411.83266690637
3.26349484162691 5557326.68135895 257767.145754947 9763.17288609803
3.28296745934191 5547584.28628915 267144.528134554 10128.1855762941
3.30248981256268 5537479.64496671 276869.906859336 10507.4481739549
3.32206397858691 5526998.71234613 286956.721444864 10901.5662090017
3.34169213957009 5516126.85043505 297418.974582913 11311.1749820409
3.36137658892357 5504848.79897361 308271.25965811 11736.941368279
3.38111973821526 5493148.64426555 319528.789974383 12179.5657600697
3.40092412462196 5481009.78600597 331207.429832632 12639.7841613923
3.42079241898796 5468414.90193456 343323.727616331 13118.3704491053
3.44072743455115 5455345.91012341 355894.951059013 13616.1388175733
3.4607321364055 5441783.92868771 368939.124887027 14133.9464252625
3.48080965177696 5427709.23268245 382475.071053368 14672.6962641824
3.50096328120019 5413101.20792066 396522.451803678 15233.3402756661
3.52119651069435 5397938.30141634 411101.81584468 15816.8827389792
3.54151302504941 5382197.96811871 426234.647918592 16424.383962697
3.56191672234957 5365856.61356162 441943.422125601 17056.9643127765
3.58241172987765 5348889.53200339 458251.659380754 17715.8086158541
3.60300242156469 5331270.83957526 475183.989443088 18402.1709816553
3.6236934371727 5312973.40189084 492766.218014537 19117.3800946277
3.64448970342621 5293968.75549194 511025.399475867 19862.8450321915
3.66539645734083 5274227.02241598 529989.915908493 20640.061675531
3.6864192720353 5253716.81706432 549689.563146797 21450.6197888852
3.70756408535912 5232405.144426 570155.644718851 22296.2108551527
3.72883723172161 5210257.28856316 591421.074667177 23178.6367696652
3.75024547757272 5187236.69008848 613520.490400805 24099.8195107161
3.77179606106292 5163304.81115444 636490.376920148 25061.8119254096
3.79349673650241 5138420.98622152 660369.203985071 26066.8097934066
3.81535582435192 5112542.25656743 685197.578072469 27117.1653601045
3.83738226761405 5085623.18612958 711018.411304506 28215.4025659083
3.85958569566066 5057615.65582183 737877.109937094 29364.2342410751
3.88197649673667 5028468.63291268 765821.785499221 30566.5815881015
3.90456590063429 4998127.91136909 794903.492292531 31825.5963383793
3.92736607334659 4966535.8182207 825176.495729102 33144.6860501915
3.95039022590489 4933630.87993713 856698.576947334 34527.5431155308
3.97365274010232 4899347.4414721 889531.380358315 35978.1781695803
3.99716931444045 4863615.2289279 923740.812315181 37500.9587569202
4.02095713444836 4826358.84461502 959397.501071582 39100.6543133937
4.04503507257504 4787497.1804675 996577.330745745 40782.4887867552
4.06942392422933 4746942.73210055 1035362.06533623 42552.2025632235
4.09414668835299 4704600.79095496 1075840.08322559 44416.1258194526
4.11922890332909 4660368.48551607 1118107.24846295 46381.2660209798
4.14469905229056 4614133.63388262 1162267.95301971 48455.4130976632
4.17058905635569 4565773.35804871 1208436.37502132 50647.2669299605
4.19693488050817 4515152.39373927 1256738.01295544 52966.5933052896
4.2237772855625 4462121.00635929 1307311.5769952 55424.4166455084
4.25116277216135 4406512.39024347 1360311.34889091 58033.2608656199
4.27914478102372 4348139.37962415 1415910.16619937 60807.4541764832
4.3077852409323 4286790.22693775 1474303.25279883 63763.5202634225
4.33715659762429 4222223.09279737 1535713.21885517 66920.688347462
4.36734452217334 4154158.71717536 1600396.71243951 70301.5703851205
4.39845160333532 4082270.45830492 1668653.46265374 73933.0790413416
4.43060250582083 4006170.41106507 1740838.88651635 77847.7024185865
4.46395138635471 3925389.4870795 1817382.18780322 82085.3251172709
4.49869292708299 3839347.8178081 1898813.26283945 86695.9193524526
4.53507944740627 3747308.88785276 1985804.42334717 91743.688800063
4.5734488481437 3648304.64990311 2079238.56618363 97313.7839132578
4.61427335385933 3541004.86211646 2180328.21892913 103523.918954409
4.65825230151364 3423468.13281871 2290842.57789808 110546.289283199
4.70651178425385 3292605.48998245 2413597.24540165 118654.26461589
4.75771886907788 3152163.35079194 2544971.28774965 127722.361458408
4.80936686777457 3009512.69908789 2677987.86759721 137356.433314897
4.86105025149381 2866451.57082004 2810917.21599687 147488.213183087
4.91318242284456 2722541.47839971 2944111.84143854 158203.680161749
4.9652027631579 2580037.43674029 3075431.75876893 169387.804490775
5.01731955294752 2439052.22515879 3204726.81938741 181077.955453798
5.07028790959022 2298259.94519659 3333150.17805165 193446.87675176
5.1252146626375 2155590.52600337 3462487.43324208 206779.040754548
5.1793721084441 2018847.66059916 3585596.44894637 220412.890454466
5.23224994623385 1889611.64937438 3701070.11561149 234175.235014128
5.28408897942219 1767425.26677604 3809350.21958441 248081.513639545
5.33528891198556 1651449.09191408 3911207.27178829 262200.636297634
5.38622926185796 1540943.83805556 4007304.81073346 276608.351210977
5.43337389127555 1443166.70773817 4091444.49829511 290245.793966725
5.47600928607304 1358542.42729253 4163498.07947715 302816.493230324
5.51522502208235 1283927.8372531 4226361.40224492 314567.760501981
5.55366255524086 1213800.36895378 4284804.3027727 326252.328273515
5.59035495292964 1149627.17897644 4337677.6164718 337552.204551759
5.62524976407905 1091091.17603049 4385342.0982768 348423.725692702
5.65855630222265 1037463.2004855 4428485.41340204 358908.386112456
5.69051611633943 988036.748102026 4467757.11407271 369063.137825263
5.72133949568017 942224.834429163 4503692.60255122 378939.563019618
5.75119639839062 899557.724853306 4536719.45582585 388579.819320845
5.78022202241626 859659.600598889 4567179.93780181 398017.461599303
5.80852451247998 822225.939422103 4595351.83555329 407279.225024603
5.83619152214531 787005.966558467 4621464.37804644 416386.655395095
5.86329517237091 753789.859043718 4645709.77007088 425357.370885406
5.88989566878998 722399.526092221 4668251.48418248 434205.989725302
5.91604393111684 692681.912042812 4689230.28305157 442944.804905617
5.94178352349692 664504.05304775 4708768.66892604 451584.278026214
5.96715209353516 637749.360480112 4726974.23377751 460133.405742382
5.99218246325841 612314.775333429 4743942.22854975 468599.99611682
6.0169034699232 588108.552354646 4759757.56717812 476990.880467232
6.04134062401153 565048.507989076 4774496.41371449 485312.078296437
6.06551663135499 543060.616001593 4788227.45647209 493568.927526317
6.08945181264257 522077.867972119 4801012.94337016 501766.188657717
6.11316444427284 502039.338565157 4812909.53239498 509908.129039865
6.13667103809914 482889.411217283 4823968.99702595 517998.591756769
6.15998657311853 464577.131001941 4834238.81653064 526041.052467418
6.18312468894837 447055.659412512 4843762.67388197 534038.666705514
6.20609784861106 430281.811625602 4852580.87882914 541994.309545253
6.22891747644135 414215.661113372 4860730.72978544 549910.609101188
6.25159407565928 398820.199702002 4868246.8252929 557789.975005095
6.27413732919388 384061.043622627 4875161.33361882 565634.622758553
6.29655618661251 369906.177979631 4881504.22734591 573446.594674457
6.31885893944808 356325.73351661 4887303.48850498 581227.777978407
6.34105328677889 343291.79069877 4892585.28877076 588979.920530467
6.3631463925727 330778.207028367 4897374.14843007 596704.644541562
6.38514493603543 318760.464223907 4901693.07718534 604403.458590755
6.4070551559878 307215.532466076 4905563.69933849 612077.76819543
6.42888289012058 296121.749374757 4909006.36548196 619728.885143282
6.45063360983799 285458.7117565 4912040.25248347 627358.035760027
6.47231245128483 275207.178468195 4914683.4532734 634966.368258401
6.49392424306002 265348.982994318 4916953.05771464 642554.959291036
6.51547353104178 255866.95454332 4918865.2256459 650124.819810779
6.53696460068673 246744.846641495 4920435.25303213 657676.900326372
6.55840149711229 237967.27234698 4921677.63202451 665212.095628513
6.57978804322762 229519.645327484 4922606.10562203 672731.24905048
6.6011278561415 221388.126147324 4923233.71753422 680235.156318456
6.62242436204459 213559.5731955 4923572.85776537 687724.569039125
6.64368080973698 206021.497759771 4923635.30437452 695200.197865707
6.66490028294978 198762.022814105 4923432.26180778 702662.715378118
6.68608571159048 191769.845140261 4922974.39615134 710112.7587084
6.70723988202558 185034.200450093 4922271.86761133 717550.931938572
6.72836544649997 178544.831214676 4921334.36049062 724977.808294701
6.74946493178063 172291.956940441 4920171.11090147 732393.932158084
6.77054074710188 166266.246662094 4918790.93242593 739799.820911969
6.79159519148036 160458.793447803 4917202.23991218 747195.966640019
6.81263046046027 154861.09073452 4915413.07157454 754582.837690937
6.83364865234257 149465.010330924 4913431.10954711 761960.880121963
6.85465177394587 144262.781942591 4911263.6990248 769330.51903261
6.87564174594172 139246.974089109 4908917.86611218 776692.159798705
6.89662040780238 134410.476296113 4906400.33448811 784046.189215776
6.91758952239517 129746.482456937 4903717.54098325 791392.976559813
6.93855078025393 125248.475268945 4900875.6501584 798732.874572648
6.95950580355537 120910.211658785 4897880.56796277 806066.220378446
6.98045614982467 116725.709118989 4894737.95454389 813393.336337117
7.0014033153931 112689.232885591 4891453.23627449 820714.530839918
7.02234873862749 108795.283892918 4888031.61705509 828030.099051992
7.04329380295006 105038.587447516 4884478.08894636 835340.323606123
7.064239839665 101414.08256833 4880797.44218007 842645.475251596
7.08518813060691 97916.9119449182 4876994.2745934 849945.813461682
7.10613991062476 94542.4124696735 4873073.00052739 857241.58700293
7.12709636991368 91286.1063037378 4869037.85922706 864533.034469199
7.14805865620605 88143.6924397221 4864892.92277721 871820.384783066
7.16902787683218 85111.038727388 4860642.1036056 879103.857667012
7.19000510065998 82184.1743311952 4856289.16158219 886383.664086609
7.21099135992227 79359.2825911428 4851837.71074114 893660.006667712
7.23198765193977 76632.6942605756 4847291.2256499 900933.080089524
7.25299494074685 74000.8810967143 4842653.04744811 908203.071455178
7.27401415862685 71460.4497815087 4837926.38957704 915470.160641445
7.295046207563 69008.1361521382 4833114.34321889 922734.520628964
7.3160919606107 66640.7997220377 4828219.88246368 929996.317814279
7.33715226319622 64355.4184747169 4823245.86922032 937255.712304963
7.35822793434673 62149.0839139766 4818195.05788715 944512.858198873
7.37931976785604 60018.9963552769 4813070.09979613 951767.903848593
7.4004285333901 57962.4604441146 4807873.54744387 959020.992112013
7.42155497753612 55976.8808882569 4802607.85852183 966272.260589913
7.44269982479877 54059.7583915876 4797275.39975704 973521.841851375
7.46386377854672 52208.6857781732 4791878.45057406 980769.863647764
7.48504752191248 50421.3442959166 4786419.20658811 988016.44911597
7.50625171864844 48695.5000898807 4780899.78293854 995261.71697158
7.52747701394165 47029.0008360198 4775322.21747141 1002505.78169256
7.54872403518965 45419.7725266702 4769688.47377931 1009748.75369402
7.56999339273985 43865.8163996875 4764000.44410577 1016990.73949454
7.59128568059431 42365.2060036604 4758259.9521217 1024231.84187463
7.61260147708201 40916.0843920919 4752468.75558022 1031472.16002769
7.63394134550044 39516.6614398844 4746628.54885621 1038711.7897039
7.65530583472801 38165.211275886 4740740.96537662 1045950.82334749
7.67669547980923 36860.0698256128 4734807.57994667 1053189.35022771
7.6981108025138 35599.6324586442 4728829.91097752 1060427.45656383
7.71955231187122 34382.3517354915 4722809.42261998 1067665.22564452
7.74102050468214 33206.7352490633 4716747.52680897 1074902.73794196
7.76251586600761 32071.3435561253 4710645.58522308 1082140.07122079
7.78403886963758 30974.7881944201 4704504.91116318 1089377.3006424
7.8055899785395 29915.7297813617 4698326.77135404 1096614.4988646
7.82716964528811 28892.8761904485 4692112.38767253 1103851.73613702
7.84877831247746 27904.98080175 4685862.9388058 1111089.08039245
7.87041641311591 26950.8408230302 4679579.56184272 1118326.59733425
7.89208437100504 26029.2956782557 4673263.35380164 1125564.3505201
7.91378260110324 25139.22546041 4666915.37309731 1132802.40144227
7.93551150987468 24279.5494457047 4660536.64094977 1140040.80960453
7.95727149562447 23449.224666429 4654128.14273773 1147279.63259584
7.97906294882053 22647.2445398273 4647690.829299 1154518.92616117
8.00088625240289 21872.6375505271 4641225.61818023 1161758.74426924
8.02274178208106 21124.4659841685 4634733.3948381 1168999.13917773
8.04462990661979 20401.8247100088 4628215.01379431 1176240.16149568
8.06655098811415 19703.8400103817 4621671.29974607 1183481.86024354
8.08850538225392 19029.6684550073 4615103.04863418 1190724.28291081
8.11049343857825 18378.4958182351 4608511.02867042 1197967.47551135
8.13251550072072 17749.53603741 4601895.98132601 1205211.48263658
8.15457190664534 17142.0302106308 4595258.62228275 1212456.34750661
8.17666298887387 16555.2456322564 4588599.64234834 1219702.1120194
8.19878907470484 15988.4748645955 4581919.70833747 1226948.81679793
8.22095048642469 15441.0348442879 4575219.46391997 1234196.50123574
8.2431475415112 14912.2660219578 4568499.53043749 1241445.20354055
8.26538055282979 14401.5315337824 4561760.50768983 1248694.96077638
8.28764982882276 13908.2164036862 4555002.97469233 1255945.80890399
8.30995567369193 13431.7267749283 4548227.49040525 1263197.78281982
8.33229838757485 12971.4891699055 4541434.59443658 1270450.91639352
8.35467826671493 12526.9497770494 4534624.80771892 1277705.24250402
8.37709560362566 12097.5737637446 4527798.6331619 1284960.79307436
8.39955068724931 11682.8446142435 4520956.55628067 1292217.59910509
8.42204380311008 11282.2634915988 4514099.04580179 1299475.69070661
8.44457523346221 10895.3486226764 4507226.55424709 1306735.09713023
8.46714525743306 10521.6347053545 4500339.51849651 1313995.84679814
8.48975415116146 10160.6723370507 4493438.36033072 1321257.96733223
8.51240218793142 9812.02746375946 4486523.48695424 1328521.485582
8.53508963830155 9475.28084881216 4479595.29149985 1335786.42765134
8.55781677023016 9150.02756061151 4472654.15351499 1343052.81892439
8.58058384919636 8835.87647861769 4465700.43943082 1350320.68409056
8.60339113831725 8532.44981689842 4458734.5030146 1357590.0471685
8.62623889846138 8239.38266458063 4451756.68580603 1364860.93152939
8.64912738835856 7956.32254257149 4444767.31753815 1372133.35991928
8.67205686470631 7682.92897593988 4437766.71654333 1379407.35448072
8.69502758227285 7418.87308137661 4430755.19014501 1386682.93677361
8.718039793997 7163.83716917363 4423733.03503553 1393960.12779529
8.74109375108496 6917.51435918617 4416700.53764081 1401238.948
8.7641897031041 6679.60821026277 4409657.97447215 1408519.41731758
8.78732789807397 6449.83236264887 4402605.61246574 1415801.55517161
8.81050858255446 6227.91019288958 4395543.70931029 1423085.38049682
8.83373200173144 6013.57448077497 4388472.51376322 1430370.91175601
8.85699839949979 5806.56708789094 4381392.26595579 1437658.16695632
8.88030801854397 5606.63864735432 4374303.19768769 1444947.16366495
8.90366110041631 5413.54826432759 4367205.5327113 1452237.91902437
8.92705788561292 5227.06322692519 4360099.48700611 1459530.44976696
8.95049861364751 5046.95872713689 4352985.26904363 1466824.77222923
8.9739835231231 4873.01759140975 4345863.0800431 1474120.90236549
8.99751285180163 4705.03002054234 4338733.11421841 1481418.85576105
9.02108683667167 4542.79333855913 4331595.55901637 1488718.64764507
9.04470571401429 4386.11175024542 4324450.5953469 1496020.29290285
9.06836971946704 4234.79610703445 4317298.39780515 1503323.80608782
9.09207908808624 4088.66368095151 4310139.13488604 1510629.20143301
9.11583405440753 3947.53794632906 4302972.9691914 1517936.49286227
9.1396348525049 3811.24836901904 4295800.05762999 1525245.69400099
9.16348171604808 3679.63020283816 4288620.5516106 1532556.81818657
9.18737487835842 3552.52429299139 4281434.59722859 1539869.87847842
9.21131457246338 3429.77688622926 4274242.335446 1547184.88766777
9.23530103114961 3311.23944750256 4267043.90226546 1554501.85828703
9.25933448701464 3196.7684828872 4259839.42889818 1561820.80261893
9.2834151725173 3086.22536856062 4252629.04192617 1569141.73270527
9.30754332002696 2979.4761856182 4245412.86345891 1576464.66035547
9.33171916187148 2876.3915605268 4238191.01128467 1583789.5971548
9.35594293038399 2776.84651101944 4230963.59901667 1591116.55447231
9.38021485794866 2680.7202972419 4223730.73623421 1598445.54346855
9.40453517704532 2587.89627796967 4216492.52861903 1605776.575103
9.42890412029304 2498.26177171951 4209249.078087 1613109.66014128
9.45332192049277 2411.70792258628 4202000.48291528 1620444.80916213
9.47778881066896 2328.12957064235 4194746.83786526 1627782.0325641
9.50230502411031 2247.4251267417 4187488.23430113 1635121.34057212
9.52687079440961 2169.49645157739 4180224.76030462 1642462.7432438
9.5514863555027 2094.24873884594 4172956.50078566 1649806.25047549
9.57615194170667 2021.59040237743 4165683.53758939 1657151.87200823
9.60086778775723 1951.43296709524 4158405.94959944 1664499.61743346
9.62563412884531 1883.69096367399 4151123.81283782 1671849.49619851
9.65045120065295 1818.28182676912 4143837.20056124 1679201.51761199
9.67531923938848 1755.12579669561 4136546.18335436 1686555.69084895
9.70023848182104 1694.14582443816 4129250.82921967 1693912.02495589
9.72520916531443 1635.26747987861 4121951.20366448 1701270.52885563
9.75023152786037 1578.41886313113 4114647.36978489 1708631.21135198
9.77530580811109 1523.53051887893 4107339.38834684 1715994.08113427
9.80043224541146 1470.53535361002 4100027.31786457 1723359.14678182
9.82561107983044 1419.36855565372 4092711.21467625 1730726.4167681
9.85084255219213 1369.967517922 4085391.13301714 1738095.89946493
9.87612690410621 1322.27176326404 4078067.12509028 1745467.60314645
9.90146437799796 1276.22287234492 4070739.24113469 1752841.53599296
9.92685521713778 1231.7644139628 4063407.52949134 1760217.70609469
9.9522996656703 1188.84187772172 4056072.03666686 1767596.12145542
9.97779796864307 1147.40260897999 4048732.80739505 1774976.78999597
10.0033503720347 1107.39574599716 4041389.88469639 1782359.71955761
10.028957122783 1068.77215920481 4034043.30993541 1789744.91790538
10.0546184688122 1031.48439252926 4026693.12287624 1797132.39273123
10.0803346590602 995.486606696802 4019339.36173618 1804522.15165712
10.1061059435054 960.734524454044 4011982.0632375 1811914.20223804
10.1319325731933 927.185377638852 4004621.26265748 1819308.55196488
10.1578148002627 894.797856039032 3997256.99387673 1826705.20826723
10.1837528779713 863.53205797844 3989889.28942588 1834104.17851614
10.2097470607217 833.349442571996 3982518.18053072 1841505.47002671
10.2357976040866 804.212783593285 3975143.69715574 1848909.09006066
10.2619047648341 776.086124900168 3967765.86804628 1856315.04582882
10.2880688009523 748.934737365856 3960384.72076913 1863723.3444935
10.3142899716743 722.725077264551 3953000.2817519 1871133.99317083
10.3405685375027 697.424746062514 3945612.5763209 1878546.99893303
10.3669047602334 673.002451567218 3938221.62873787 1885962.36881056
10.3932989029805 649.427970388652 3930827.46223537 1893380.10979424
10.4197512301997 626.672111668549 3923430.099051 1900800.22883733
10.446262007712 604.706682034781 3916029.56046047 1908222.7328575
10.4728315027281 583.504451739539 3908625.8668095 1915647.62873876
10.4994599838709 563.039121941429 3901219.03754472 1923074.92333333
10.5261477211997 543.285293092892 3893809.09124342 1930504.62346348
10.5528949862334 524.218434395684 3886396.04564236 1937936.73592324
10.5797020519731 505.81485428842 3878979.91766556 1945371.26748015
10.606569192926 488.051671931371 3871560.72345116 1952808.22487691
10.633496685128 470.90678965493 3864138.47837739 1960247.61483296
10.6604848061665 454.358866339249 3856713.1970876 1967689.44404606
10.6875338352038 438.387291693695 3849284.89351447 1975133.71919383
10.7146440529995 422.972161405775 3841853.58090342 1982580.44693517
10.7418157419336 408.094253130242 3834419.27183517 1990029.6339117
10.7690491860291 393.735003290104 3826981.97824756 1997481.28674915
10.796344670975 379.876484662124 3819541.71145662 2004935.41205872
10.8237024841485 366.501384720423 3812098.48217692 2012392.01643836
10.8511229146385 353.592984712648 3804652.30054125 2019851.10647404
10.8786062532677 341.135139443995 3797203.17611957 2027312.68874099
10.9061527926157 329.112257745251 3789751.11793736 2034776.76980489
10.9337628270417 317.509283601828 3782296.13449335 2042243.35622304
10.9614366527072 306.311677921486 3774838.23377659 2049712.45454548
10.9891745675988 295.505400919256 3767377.423283 2057184.07131608
11.0169768715513 285.076895098734 3759913.71003128 2064658.21307362
11.0448438662706 275.013068809686 3752447.10057838 2072134.88635281
11.0727758553563 265.301280362511 3744977.6010343 2079614.09768534
11.1007731443253 255.929322680819 3737505.21707653 2087095.85360079
11.1288360406344 246.885408473988 3730029.95396387 2094580.16062765
11.156964853704 238.158155912135 3722551.81654987 2102067.02529421
11.1851598949409 229.736574786632 3715070.80929573 2109556.45412948
11.213421477762 221.610053139735 3707586.93628281 2117048.45366404
11.2417499176177 213.768344347551 3700100.2012247 2124543.03043095
11.2701455320155 206.201554641042 3692610.60747885 2132040.19096651
11.2986086405437 198.900131050289 3685118.15805782 2139539.94181113
11.327139564895 191.854849757766 3677622.85564014 2147042.2895101
11.3557386288909 185.056804846793 3670124.70258079 2154547.24061436
11.3844061585053 178.497397431864 3662623.70092134 2162054.80168123
11.4131424818892 172.168325157961 3655119.85239968 2169564.97927516
11.4419479293946 166.0615720564 3647613.15845948 2177077.77996846
11.4708228335994 160.169398745174 3640103.62025929 2184593.21034197
11.4997675293319 154.484332962172 3632591.23868132 2192111.27698572
11.5287823536955 148.999160420043 3625076.01433995 2199631.98649963
11.5578676460942 143.706915971823 3617557.94758988 2207155.34549415
11.5870237482574 138.60087507686 3610037.03853406 2214681.36059086
11.6162510042653 133.674545556877 3602513.28703133 2222210.03842311
11.6455497605746 128.921659632377 3594986.69270374 2229741.38563663
11.6749203660444 124.336166229921 3587457.2549437 2237275.40889007
11.7043631719619 119.91222355112 3579924.97292082 2244812.11485563
11.7338785320687 115.644191894517 3572389.84558851 2252351.51021959
11.7634668025872 111.526626721774 3564851.87169041 2259893.60168287
11.7931283422476 107.554271959945 3557311.0497665 2267438.39596154
11.8228635123139 103.72205353182 3549767.37815907 2274985.8997874
11.8526726766119 100.025073106649 3542220.85501846 2282536.11990843
11.882556201556 96.4586020637783 3534671.47830859 2290089.06308935
11.912514456177 93.0180756620025 3527119.24581229 2297644.73611205
11.9425478121498 89.6990874076625 3519564.15513645 2305203.14577614
11.9726566438217 86.4973836147744 3512006.203717 2312764.29889939
12.0028413282404 83.4088581506773 3504445.38882367 2320328.20231818
12.0331022451832 80.42954736093 3496881.70756465 2327894.86288799
12.0634397771853 77.5556251673691 3489315.15689102 2335464.28748381
12.0938543095696 74.7833983334816 3481745.73360106 2343036.48300061
12.1243462304755 72.1093018914088 3474173.43434435 2350611.45635375
12.1549159308894 69.529894725111 3466598.25562585 2358189.21447942
12.1855638046744 67.0418553043975 3459020.19380966 2365769.76433503
12.2162902486008 64.641977564709 3451439.24512277 2373353.11289966
12.2470956623768 62.3271669277047 3443855.40565867 2380939.2671744
12.2779804486797 60.0944364578837 3436268.67138073 2388528.23418281
12.3089450131869 57.9409031506236 3428679.03812558 2396120.02097127
12.3399897646082 55.8637843471737 3421086.50160629 2403714.63460936
12.3711151147175 53.8603942722969 3413491.05741544 2411312.08219028
12.402321478385 51.9281406903958 3405892.70102814 2418912.37083116
12.4336092736107 50.0645216760999 3398291.42780484 2426515.50767349
12.4649789215568 48.2671224954241 3390687.2329941 2434121.4998834
12.4964308465817 46.5336125937405 3383080.11173529 2441730.35465212
12.5279654762737 44.8617426869394 3375470.05906108 2449342.07919623
12.5595832414853 43.249341952267 3367857.06989996 2456956.68075809
12.5912845763678 41.6943153154515 3360241.13907856 2464574.16660612
12.6230699184067 40.1946408308443 3352622.26132399 2472194.54403517
12.6549397084569 38.7483671514111 3345000.43126598 2479817.82036687
12.6868943907788 37.353611085517 3337375.643439 2487444.00294991
12.7189344130743 36.0085552375505 3329747.89228435 2495073.09916041
12.7510602265241 34.7114457295313 3322117.17215204 2502705.11640223
12.7832722858243 33.4605900009469 3314483.47730271 2510340.06210729
12.8155710492247 32.2543546841526 3306846.80190941 2517977.9437359
12.8479569785665 31.0911635527582 3299207.1400594 2525618.76877705
12.8804305393208 29.969495540518 3291564.48575573 2533262.54474873
12.9129922006281 28.8878828283181 3283918.8329189 2540909.27919827
12.9456424353374 27.84490899694 3276270.17538842 2548558.97970258
12.9783817200465 26.8392072433577 3268618.50692421 2556211.65386854
13.0112105351422 25.8694586584 3260963.82120812 2563867.30933322
13.0441293648419 24.9343905636845 3253306.11184521 2571525.95376423
13.0771386972345 24.0327749058014 3245645.3723651 2579187.59486
13.110239024323 23.1634267057899 3237981.59622322 2586852.24035007
13.1434308420667 22.3252025620214 3230314.77680203 2594519.89799541
13.1767146504245 21.5169992046643 3222644.90741212 2602190.57558867
13.210090953399 20.7377520999669 3214971.98129339 2609864.28095451
13.24356025908 19.9864341026582 3207295.99161603 2617541.02194987
13.2771230796899 19.262054154818 3199616.9314816 2625220.80646425
13.310779931629 18.5636560296314 3191934.79392396 2632903.64242001
13.3445313355215 17.8903171184887 3184249.57191023 2640589.53777265
13.3783778162621 17.2411472599489 3176561.25834164 2648278.5005111
13.4123199030633 16.6152876091355 3168869.8460544 2655970.53865799
13.446358129503 16.011909546178 3161175.32782053 2663665.66026992
13.4804930335735 15.4302136223632 3153477.69634859 2671363.87343778
13.5147251577301 14.8694285427044 3145776.94428444 2679065.18628701
13.5490550489412 14.3288101836815 3138073.06421195 2686769.60697786
13.5834832587388 13.8076406449444 3130366.04865366 2694477.14370569
13.6180103432694 13.3052273338178 3122655.89007142 2702187.80470125
13.6526368633461 12.8209020814806 3114942.58086699 2709901.59823093
13.6873633845009 12.3540202897351 3107226.11338264 2717618.53259707
13.7221904770382 11.9039601073144 3099506.47990166 2725338.61613823
13.7571187160886 11.470121634716 3091783.67264893 2733061.85722944
13.7921486816636 11.0519261565809 3084057.68379134 2740788.2642825
13.8272809587114 10.6488154006733 3076328.50543835 2748517.84574625
13.8625161371727 10.2602508225458 3068596.12964233 2756250.61010685
13.897854812038 9.88571291500852 3060860.54839906 2763986.56588803
13.9332975834053 9.5247005415495 3053121.75364806 2771725.7216514
13.968845056539 9.17673029288231 3045379.737273 2779468.08599671
14.004497841929 8.84133586582562 3037634.49110202 2787213.66756211
14.0402565553509 8.51806746374677 3029886.00690809 2794962.47502445
14.0761218179278 8.20649121782675 3022134.27640925 2802714.51709953
14.1120942561916 7.90618862843049 3014379.29126896 2810469.80254241
14.1481745021461 7.61675602588955 3006621.04309633 2818228.34014764
14.184363193331 7.33780405002876 2998859.52344638 2825990.13874957
14.2206609728863 7.06895714779084 2991094.72382023 2833755.20722262
14.257068489618 6.80985308833596 2983326.63566536 2841523.55448155
14.2935863980649 6.56014249501273 2975555.25037579 2849295.18948172
14.3302153585657 6.31948839361955 2967780.5592922 2857070.1212194
14.3669560373278 6.08756577639415 2960002.55370218 2864848.35873204
14.4038091064969 5.86406118118833 2952221.2248403 2872629.91109852
14.4407752442271 5.64867228530448 2944436.56388826 2880414.78743946
14.4778551347528 5.44110751348662 2936648.56197502 2888202.99691747
14.5150494684612 5.24108565957791 2928857.21017688 2895994.54873746
14.552358941966 5.04833552137218 2921062.49951757 2903789.45214691
14.589784258182 4.86259554820329 2913264.42096833 2911587.71643612
14.6273261264012 4.68361350083251 2905462.96544797 2919389.35093853
14.6649852623694 4.51114612320801 2897658.1238229 2927194.36503098
14.702762388365 4.3449588256862 2889849.88690717 2935002.768134
14.7406582332774 4.18482537931835 2882038.24546253 2942814.56971209
14.7786735326884 4.03052762081897 2874223.19019837 2950629.77927401
14.8168090289534 3.88185516784694 2866404.7117718 2958448.40637303
14.8550654712843 3.73860514424134 2858582.80078758 2966270.46060727
14.893443615834 3.60058191486779 2850757.44779814 2974095.95161994
14.9319442257816 3.46759682974176 2842928.64330353 2981924.88909964
14.9705680714193 3.33946797710755 2835096.37775138 2989757.28278064
15.0093159302407 3.21601994516206 2827260.64153686 2997593.14244319
15.0481885870299 3.09708359212398 2819421.42500263 3005432.47791378
15.0871868339524 2.98249582435818 2811578.71843874 3013275.29906543
15.1263114706478 2.87209938227619 2803732.5120826 3021121.61581801
15.1655633043226 2.7657426337425 2795882.79611888 3028971.43813849
15.2049431498464 2.66327937472609 2788029.56067938 3036824.77604124
15.2444518298476 2.56456863694545 2780172.79584302 3044681.63958835
15.2840901748118 2.46947450226391 2772312.49163563 3052542.03888987
15.3238590231818 2.37786592360086 2764448.63802992 3060405.98410416
15.3637592214584 2.2896165521319 2756581.22494532 3068273.48543813
15.4037916243032 2.2046045705594 2748710.24224787 3076144.55314756
15.4439570946435 2.12271253224214 2740835.67975006 3084019.19753741
15.4842565037779 2.04382720598007 2732957.52721073 3091897.42896207
15.5246907314845 1.96783942625715 2725075.77433488 3099779.25782569
15.56526066613 1.89464394875239 2717190.41077359 3107664.69458246
15.6059672047815 1.82413931093524 2709301.42612376 3115553.74973693
15.6468112533192 1.75622769756825 2701408.80992805 3123446.43384425
15.6877937265512 1.69081481094594 2693512.55167464 3131342.75751055
15.7289155483307 1.62780974570457 2685612.6407971 3139242.73139315
15.7701776516743 1.56712486804334 2677709.0666742 3147146.36620093
15.8115809788827 1.50867569920313 2669801.81862971 3155053.67269458
15.8531264816632 1.45238080305403 2661890.88593226 3162964.66168694
15.8948151212543 1.39816167764823 2653976.25779508 3170879.34404324
15.9366478685524 1.34594265059971 2646057.92337587 3178797.73068148
15.9786257042403 1.29565077815698 2638135.87177658 3186719.83257264
16.0207496189184 1.24721574783971 2630210.09204319 3194645.66074106
16.0630206132372 1.2005697845147 2622280.57316554 3202575.22626468
16.105439698033 1.15564755979087 2614347.30407706 3210508.54027538
16.1480078944651 1.11238610461693 2606410.27365464 3218445.61395926
16.1907262341557 1.07072472496997 2598469.47071833 3226386.45855694
16.2335957593323 1.0306049205263 2590524.88403119 3234331.08536388
16.2766175229715 0.991970306210433 2582576.50229904 3242279.50573065
16.3198796971852 0.954693017193516 2574608.29493721 3250247.75036977
16.3637466919086 0.918435499694697 2566553.79027158 3258302.29129292
16.4083677684911 0.883076828932627 2558386.67678035 3266469.44014282
16.4538159926397 0.848570687850415 2550094.8823077 3274761.26912161
16.500137817949 0.814896683266333 2541671.35557517 3283184.82952814
16.5473710766939 0.782043428447172 2533110.73597715 3291745.48197942
16.5955515878652 0.750002638753907 2524408.13928235 3300448.11071501
16.6447156405246 0.718767068515291 2515558.7083281 3309297.57290482
16.6949009840796 0.688329789633436 2506557.44037581 3318298.87129439
16.7461472831024 0.658683938733701 2497399.1140183 3327457.22729776
16.7984963860242 0.629822627765602 2488078.25130074 3336778.11887663
16.8519925357861 0.601738911523307 2478589.09162247 3346267.30663862
16.9066825701256 0.574425774921433 2468925.56881881 3355930.85675542
16.9626161300644 0.547876127072745 2459081.28818937 3365775.1639345
17.019845884743 0.522082797655327 2449049.50217099 3375806.97574621
17.078427777145 0.497038533995887 2438823.08403641 3386033.41892505
17.1384212941738 0.472735998317758 2428394.4992284 3396462.0280356
17.1998897644027 0.449167764956731 2417755.77399929 3407100.77683294
17.2629006870749 0.42632631747026 2406898.46102255 3417958.11265113
17.3275260963658 0.404204045607562 2395813.60161232 3429042.99418363
17.3938429654957 0.382793242121954 2384491.68414148 3440364.93306527
17.4619336559653 0.362086099410896 2372922.59819302 3451934.03972087
17.5318864180074 0.342074705969925 2361095.58391299 3463761.0740123
17.6037959493127 0.322751042645976 2348999.17595544 3475857.50129351
17.6777640202373 0.30410697867455 2336621.14131831 3488235.55457471
17.7539001750586 0.286134267483687 2323948.41026203 3500908.3036037
17.8323225204738 0.268824542246074 2310966.99937605 3513889.7317994
17.9131586144765 0.252169311158804 2297661.92570952 3527194.82212117
17.9965464710839 0.236159952428161 2284017.1107051 3540839.65313494
18.0826356992038 0.220787708934518 2270015.27246502 3554841.50674727
18.171588797339 0.206043682549789 2255637.80462686 3569218.98932946
18.2635826299798 0.191918828076965 2240864.63982655 3583992.16825462
18.3588101166018 0.178403946777933 2225674.09536386 3599182.72623219
18.4574821704122 0.165489679452083 2210042.69824954 3614814.13626078
18.5598299316707 0.153166499023991 2193944.98628392 3630911.86054958
18.6661073499362 0.14142470259376 2177353.28117205 3647503.57740324
18.7765941814754 0.13025440289826 2160237.42889246 3664619.44085313
18.8915994829786 0.119645519125475 2142564.50156719 3682292.37878729
19.0114657015431 0.10958776701738 2124298.45388396 3700558.43652827
19.1365734847864 0.100070648189077 2105399.7256352 3719457.17429415
19.2673473655227 0.0910834385832752 2085824.78008287 3739032.12883369
19.40426251481 0.0826151759694794 2065525.56552915 3759331.35185567
19.5478528082804 0.0746546463863066 2044448.88453065 3780408.0408147
19.6987205175344 0.0671903694132047 2022535.65145576 3802321.28135386
19.8575480266076 0.0602105821443402 1999720.01430331 3825136.92548611
20.0251120910147 0.05370322172265 1975928.31054374 3848928.63575304
20.2023013148403 0.047655906276116 1951077.81876042 3873779.13358367
20.3901377359586 0.0420559140815694 1925075.25743907 3899781.70050501
20.5898037042467 0.0368901607643946 1897814.96852471 3927041.99458512
20.8026756474213 0.0321451743265716 1869176.70515069 3955680.26270413
21.0303668960356 0.0278070677825421 1839022.91857883 3985834.0536141
21.2747825626562 0.0238615091757321 1807195.40652362 4017661.56961487
21.5381906633666 0.0202936887536113 1773511.14032471 4051345.8393816
21.82331542659 0.0170882831046746 1737757.02710038 4087099.95581133
22.1334613671458 0.0142294161207852 1699683.27819778 4125173.7075728
22.4726807260032 0.0117006167655617 1658994.93709258 4165862.0512068
22.8460031531109 0.00948477384032308 1615340.95429252 4209516.03622271
23.2597565363306 0.00756408830203191 1568299.96395247 4256557.02848344
23.7220243117705 0.00592002429689427 1517361.59000098 4307495.40407899
24.2433123103058 0.00453326108033416 1461901.655469 4362955.33999774
24.8375464895226 0.00338364964192787 1401149.05606118 4423707.94055517
25.5236101678543 0.00245018052835399 1334141.29028495 4490715.70726487
26.3277937601941 0.00171097365784664 1259664.85446854 4565192.14382049
27.2113469174692 0.00117991344779027 1182622.06517238 4642234.93364771
28.1257569561439 0.000822718498566317 1107846.74386421 4717010.25531307
29.0519619879625 0.00058451115277914 1036925.32627374 4787931.67314174
29.9829117099933 0.000423851152361842 970215.225136131 4854641.77444001
30.9160557215185 0.000313593739917438 907654.606969747 4917202.39271666
31.8504803698091 0.000236502631935793 849050.297243246 4975806.70252025
32.7858611424557 0.000181607288391104 794175.634785532 5030681.36503286
33.7220848082919 0.000141831879261028 742802.831363519 5082054.16849465
34.6591138238682 0.000112536559532672 694713.211502162 5130143.7883853
35.5969377666399 9.06265097841835E-05 649700.056851049 5175156.94305832
36.5355559517627 7.40028653457647E-05 607569.007315015 5217287.99261098
37.4749712123524 6.12194369378872E-05 568137.677710564 5256719.32222821
38.4151876747274 5.12646507755864E-05 531235.043552674 5293621.95639606
39.3562099630795 4.34208033869458E-05 496700.77939658 5328156.22056
40.29804291556 3.71718030560789E-05 464384.609318428 5360472.3906444
41.240691483333 3.21417932673399E-05 434145.687771239 5390711.31219662
42.1841606950901 2.80537421735136E-05 405852.015316582 5419004.98465536
43.1284556449932 2.47011269362105E-05 379379.889232049 5445477.11074325
44.0735814890094 2.19283245676469E-05 354613.38757984 5470243.61239823
45.0195434442601 1.96168673180712E-05 331443.884933778 5493413.1150466
45.9663467894632 1.76756975269472E-05 309769.597912686 5515087.40206964
46.9139968657808 1.60341823465216E-05 289495.158727091 5535361.84125687
47.8624990778265 1.46370544554131E-05 270531.215036981 5554325.78494838
48.8118588947465 1.34407113015352E-05 252794.054515451 5572062.94547111
49.7620818513437 1.24104824434101E-05 236205.252608309 5588651.74737928
50.713173549233 1.1518593523616E-05 220691.342070568 5604165.65791791
51.6651396580273 1.07426362191836E-05 206183.50294654 5618673.49704271
52.6179859165507 1.00644089766425E-05 192617.271741087 5632239.72824885
53.5717181340809 9.46903178282051E-06 179932.268605554 5644924.73138497
54.5263421916218 8.9442651222787E-06 168071.941433399 5656785.05855765
55.4818640432057 8.47998226608415E-06 156983.325827607 5667873.67416391
56.4382897172269 8.06775756519102E-06 146616.819965165 5678240.18002677
57.3956253178081 7.70054313828902E-06 136925.973443124 5687931.02654917
58.3538770261994 7.3724133788243E-06 127867.289246515 5696989.71074611
59.3130511022114 7.0783618384844E-06 119400.038030759 5705456.96196216
60.273153885684 6.81413881693939E-06 111486.083960416 5713370.91603277
61.2341917979917 6.57612078024279E-06 104089.721392338 5720767.27860108
62.1961713435856 6.36120481172802E-06 97177.5217347506 5727679.47825889
63.1590991115744 6.16672286085038E-06 90718.1898545909 5734138.81013924
64.1229817773455 5.99037173449411E-06 84682.4294437673 5740174.57055024
65.0878261042271 5.83015567095396E-06 79042.8167910446 5745814.18320312
66.0536389451921 5.6843390212398E-06 73773.6824400948 5751083.31755422
67.0204272446063 5.55140708834167E-06 68851.0002460357 5756005.99974841
67.9881980400221 5.43003358153645E-06 64252.2833726565 5760604.71662191
68.9569584640175 5.31905345854944E-06 59956.4868005755 5764900.5131941
69.9267157460845 5.21744017490674E-06 55943.9159429195 5768913.08405186
70.8974772145666 5.1242865532501E-06 52196.1409898709 5772660.859005
71.8692502986476 5.03878863789179E-06 48695.9166266705 5776161.08336829
72.8420425303935 4.96023202067955E-06 45427.1067914911 5779429.89320355
73.8158615468489 4.88798022034193E-06 42374.6141601054 5782482.385835
74.7907150921906 4.8214647742718E-06 39524.3140635232 5785332.68593165
75.7666110199389 4.76017676331624E-06 36862.9925628554 5787994.00743238
76.7435572952302 4.70365953977614E-06 34378.2884226417 5790478.71157265
77.7215619971512 4.65150246896127E-06 32058.6387398247 5792798.36125552
78.7006333211387 4.60333552723618E-06 29893.2280005202 5794963.77199487
79.6807795814459 4.5588246260464E-06 27871.940350795 5796985.05964464
80.662009213678 4.51766755312842E-06 25985.3148808588 5798871.68511462
81.6443307773994 4.47959043992396E-06 24224.5037344704 5800632.49626105
82.6277529588153 4.44434467888709E-06 22581.2328669883 5802275.76712856
83.6122845735299 4.41170422648802E-06 21047.7652864197 5803809.23470917
84.597934569385 4.3814632377551E-06 19616.8666220754 5805240.13337354
85.5847120293795 4.35343398653816E-06 18281.7728750573 5806575.22712059
86.5726261746763 4.32744503262942E-06 17036.1602138457 5807820.83978182
87.5616863676961 4.30333960268971E-06 15874.1166867271 5808982.88330897
88.5519021153044 4.28097415679932E-06 14790.1157307668 5810066.88426495
89.5432830720925 4.26021711654671E-06 13778.9913644973 5811078.00863124
90.5358390437587 4.24094773401816E-06 12835.914958508 5812021.08503725
91.5295799905906 4.22305508396589E-06 11956.3734846963 5812900.62651108
92.5245160310552 4.20643716389995E-06 11136.1491511207 5813720.85084467
93.5206574454983 4.19100008894413E-06 10371.3003351855 5814485.69966062
94.5180146799594 4.17665737007878E-06 9658.143733328 5815198.85626249
95.5165983501055 4.16332926591302E-06 8993.23765047758 5815863.76234536
96.5164192452885 4.15094219942814E-06 8373.36635734691 5816483.6336385
97.517488332732 4.13942823224628E-06 7795.52544810342 5817061.47454776
98.5198167618509 4.12872458993327E-06 7256.90813518554 5817600.09186068
99.5234158687111 4.11877323266563E-06 6754.89242198075 5818102.1075739
100.528297180633 4.10952046629915E-06 6287.02909779168 5818569.9708981
101.534472420948 4.1009165894873E-06 5851.03050299543 5819005.9694929
102.541953513906 4.09291557302606E-06 5444.76001556544 5819412.23998034
103.550752589755 4.08547476805963E-06 5066.22221318616 5819790.77778273
104.56088198998 4.0785546401789E-06 4713.55366806278 5820143.44632786
105.572354272732 4.07211852679041E-06 4385.01433422115 5820471.98566171
106.585182218425 4.06613241543466E-06 4078.97948961926 5820778.02050631
107.599378835546 4.06056474099565E-06 3793.93219776047 5821063.06779818
108.614957366645 4.05538619997325E-06 3528.45625572047 5821328.54374022
109.631931294547 4.05056958019158E-06 3281.22959758319 5821575.77039837
110.650314348783 4.04608960449293E-06 3051.01812423442 5821805.98187172
111.670120512241 4.0419227871223E-06 2836.66993229405 5822020.33006366
112.691364028063 4.03804730164391E-06 2637.10991668505 5822219.89007928
113.714059406786 4.03444285935187E-06 2451.33472294805 5822405.66527302
114.738221433746 4.03109059724332E-06 2278.40802692005 5822578.59196905
115.763865176754 4.02797297471666E-06 2117.45612081121 5822739.54387516
116.791005994055 4.02507367824085E-06 1967.66378604071 5822889.33620993
117.819659542586 4.02237753331572E-06 1828.27043443665 5823028.72956154
118.849841786545 4.01987042310904E-06 1698.56650057076 5823158.43349541
119.881569006288 4.01753921321491E-06 1577.89006909166 5823279.10992689
120.914857807565 4.0153716820299E-06 1465.623721945 5823391.37627404
121.949725131117 4.01335645629044E-06 1361.1915913285 5823495.80840466
122.986188262651 4.01148295135642E-06 1264.05660513006 5823592.94339086
124.0242648432 4.00974131586356E-06 1173.71791244011 5823683.28208355
125.063972879912 4.0081223804007E-06 1089.70847751961 5823767.29151847
126.105330757257 4.0066176098982E-06 1011.59283134566 5823845.40716465
127.148357248703 4.00521905944099E-06 938.964970550245 5823918.03502544
128.193071528866 4.00391933324421E-06 871.446394218041 5823985.55360178
129.239493186163 4.00271154655163E-06 808.684269617933 5824048.31572638
130.287642236002 4.00158929023689E-06 750.349718513733 5824106.65027749
131.337539134523 4.00054659790583E-06 696.136216234069 5824160.86377977
132.389204792933 3.99957791531471E-06 645.758096182166 5824211.24189982
133.442660592456 3.99867807193382E-06 598.949152935331 5824258.05084307
134.497928399941 3.99784225449968E-06 555.461337523323 5824301.53865848
135.555030584152 3.99706598241158E-06 515.063538886314 5824341.93645712
136.613990032795 3.99634508483907E-06 477.540445898602 5824379.45955011
137.674830170301 3.99567567941773E-06 442.691484705143 5824414.3085113
138.737574976431 3.99505415241968E-06 410.329826456101 5824446.67016955
139.802249005731 3.994477140294E-06 380.281460841068 5824476.71853516
140.868877407896 3.99394151248021E-06 352.384331121111 5824504.61566488
141.937485949099 3.99344435540494E-06 326.487526634266 5824530.51246937
143.008101034325 3.99298295757891E-06 302.45052901002 5824554.549467
144.080749730796 3.99255479571716E-06 280.142508571567 5824576.85748744
145.155459792532 3.99215752181124E-06 259.441667632411 5824597.55832838
146.232259686123 3.9917889510872E-06 240.234627607093 5824616.7653684
147.311178617792 3.99144705078804E-06 222.415857055396 5824634.58413895
148.392246561827 3.99112992972356E-06 205.887137966222 5824651.11285804
149.475494290469 3.99083582853477E-06 190.557067762166 5824666.44292825
150.560953405344 3.9905631106237E-06 176.340594669485 5824680.65940134
151.648656370549 3.9903102537028E-06 163.158584251295 5824693.84141176
152.738636547498 3.99007584192171E-06 150.937415045178 5824706.06258097
153.83092823164 3.98985855853153E-06 139.608601380478 5824717.39139463
154.925566691182 3.98965717905026E-06 129.108441576085 5824727.89155443
156.022588207952 3.98947056489479E-06 119.377689836899 5824737.62230617
157.122030120547 3.98929765744802E-06 110.361250277048 5824746.63874573
158.223930869937 3.98913747253114E-06 102.007891600712 5824754.99210441
159.328330047689 3.98898909525371E-06 94.2699810675316 5824762.73001494
160.435268447007 3.98885167521576E-06 87.1032364595371 5824769.89675955
161.544788116788 3.98872442203796E-06 80.4664948506666 5824776.53350116
162.656932418934 3.98860660119757E-06 74.3214970586071 5824782.67849895
163.771746089143 3.98849753014952E-06 68.6326867323039 5824788.36730928
164.889275301467 3.98839657471302E-06 63.3670230972987 5824793.63297292
166.009567736915 3.98830314570589E-06 58.4938064454211 5824798.50618957
167.13267265643 3.98821669580968E-06 53.9845155155395 5824803.0154805
168.258640978585 3.98813671664993E-06 49.812655968351 5824807.18734005
169.387525362386 3.98806273607693E-06 45.9536192108046 5824811.0463768
170.519380295602 3.98799431563343E-06 42.3845508749418 5824814.61544514
171.654262189088 3.98793104819649E-06 39.084228301924 5824817.91576771
172.792229477615 3.98787255578177E-06 36.0329464250017 5824820.96704959
173.933342727771 3.9878184874991E-06 33.2124114853616 5824823.78758453
175.077664753556 3.98776851764905E-06 30.6056420523476 5824826.39435396
176.225260740369 3.98772234395098E-06 28.1968768546461 5824828.80311916
177.37619837815 3.98767968589355E-06 25.9714889618348 5824831.02850705
178.530548004534 3.98764028319934E-06 23.9159058863459 5824833.08409013
179.688382758962 3.98760389439584E-06 22.0175352045378 5824834.98246081
180.849778748818 3.98757029548553E-06 20.2646953223363 5824836.73530069
182.014815228765 3.98753927870824E-06 18.646551035909 5824838.35344498
183.183574794612 3.9875106513896E-06 17.1530535611979 5824839.84694245
184.356143593207 3.98748423486952E-06 15.7748847279609 5824841.22511129
185.532611550017 3.98745986350543E-06 14.5034050543531 5824842.49659096
186.713072616285 3.98743738374492E-06 13.3306054371248 5824843.66939058
187.897625037911 3.98741665326323E-06 12.24906221029 5824844.7509338
189.086371648446 3.98739754016104E-06 11.2518953417327 5824845.74810067
190.27942018897 3.98737992221835E-06 10.3327295527219 5824846.66726646
191.476883657956 3.98736368620078E-06 9.48565815979191 5824847.51433786
192.67888069469 3.98734872721447E-06 8.70520945196088 5824848.29478656
193.885536000348 3.9873349481064E-06 7.98631542889005 5824849.01368059
195.096980801396 3.98732225890683E-06 7.32428273736458 5824849.67571328
196.313353360737 3.98731057631115E-06 6.71476565448186 5824850.28523036
197.534799542854 3.98729982319818E-06 6.15374097619849 5824850.84625504
198.761473440192 3.98728992818265E-06 5.6374846794708 5824851.36251134
199.993538069243 3.98728082519924E-06 5.16255023516632 5824851.83744578
201.231166146187 3.98727245311616E-06 4.72574845726785 5824852.27424756
202.4745409537 3.98726475537616E-06 4.32412878167752 5824852.67586723
203.723857312586 3.98725767966308E-06 3.95496187519114 5824853.04503414
204.979322674403 3.98725117759203E-06 3.61572348198744 5824853.38427253
206.241158354357 3.98724520442186E-06 3.30407942129443 5824853.69591659
207.509600927471 3.98723971878793E-06 3.01787165578574 5824853.98212436
208.784903815723 3.98723468245419E-06 2.75510535575049 5824854.24489066
210.06733909961 3.98723006008284E-06 2.51393688919634 5824854.48605913
211.35719959487 3.98722581902067E-06 2.29266267281074 5824854.70733334
212.654801244212 3.9872219291006E-06 2.08970882314066 5824854.91028719
213.960485885495 3.98721836245755E-06 1.90362155147615 5824855.09637447
215.274624472702 3.98721509335759E-06 1.73305824975421 5824855.26693777
216.597620845244 3.98721209803931E-06 1.57677921835167 5824855.4232168
217.929916166221 3.98720935456673E-06 1.43363998992017 5824855.56635603
219.271994183323 3.98720684269269E-06 1.30258420644058 5824855.69741181
220.6243875102 3.9872045437322E-06 1.18263700944127 5824855.81735901
221.987685185573 3.98720244044482E-06 1.07289890582907 5824855.92709711
223.362541848839 3.98720051692555E-06 0.972540074011003 5824856.02745594
224.759378599616 3.9871987468213E-06 0.880185565735294 5824856.11981045
226.208562799822 3.98719708781769E-06 0.793627653258384 5824856.20636836
227.725168643998 3.98719552605655E-06 0.712143298629232 5824856.28785272
229.320048357159 3.98719405634338E-06 0.635461486429447 5824856.36453453
231.003736947217 3.98719267614201E-06 0.563449897362026 5824856.43654612
232.788126243775 3.98719138369476E-06 0.49601683061952 5824856.50397919
234.687536157106 3.98719017742038E-06 0.433079789518746 5824856.56691623
236.719831561128 3.987189055703E-06 0.374554469515417 5824856.62544155
238.90799568868 3.98718801678532E-06 0.320349188164878 5824856.67964683
241.282692729245 3.98718705865673E-06 0.270359046330803 5824856.72963697
243.88691688622 3.98718617885122E-06 0.224455382434199 5824856.77554064
246.785620487423 3.98718537397186E-06 0.182460965457205 5824856.81753505
250 3.98718465616225E-06 0.145009387910539 5824856.85498663
