0 5824357 500 0
0.01 5824356.64288782 499.999969332261 0.357142846191396
0.03 5824355.9286636 499.999907931102 1.07142847281851
0.07 5824354.50021567 499.999784866056 2.49999946261214
0.15 5824351.64332193 499.999537685057 5.35714038485399
0.31 5824345.92954291 499.999039119444 11.0714179719319
0.63 5824334.50201893 499.998025173854 22.4999558922725
1.27 5824311.64710905 499.995930026016 45.3569609241719
2.55 5824265.93785589 499.991470710274 91.0706734049453
5.11 5824174.52173069 499.98147605441 182.496793255675
10.23 5823991.69992249 499.957183145336 365.342894362516
20.47 5823626.10541375 499.891387788633 731.003198457467
40.95 5822895.17149399 499.691011307126 1462.13749470562
81.8504462410589 5821436.91394488 499.016997903369 2921.06905721938
145.649462308123 5819168.34514738 497.241755187531 5191.41309743626
235.223784563972 5816002.6314814 493.284542854452 8361.08397574227
250 5815483.23684459 492.470579787384 8881.29257562365
