0 5824357 500 0
0.01 5824354.49485134 502.147239480668 0.357909179570822
0.0247343600952008 5824350.78405977 505.327872061396 0.88806816576806
0.0417556546955922 5824346.46804632 509.027258345554 1.50469533313179
0.0616244084748325 5824341.39003605 513.379774672369 2.23018927524044
0.08481424674368 5824335.40829684 518.506903623405 3.08479953638381
0.11140752714051 5824328.47508887 524.449564023089 4.07534710673845
0.141346413383768 5824320.57451714 531.221379462786 5.20410339521324
0.174524306920208 5824311.69999574 538.827994362329 6.47200989738107
0.210820923013136 5824301.84566619 547.274429552342 7.87990425349189
0.250115464486858 5824291.00322447 556.567801946157 9.42897357923198
0.292291200246878 5824279.16085878 566.718234988979 11.1209062306064
0.337236734999417 5824266.30298832 577.739082547652 12.9579291321251
0.384846061594273 5824252.41028533 589.646910029259 14.9428046404129
0.435018211108649 5824237.45977926 602.461405069843 17.0788156697268
0.48765680964912 5824221.42496775 616.205282404282 19.3697498490502
0.542669652224539 5824204.27590826 630.904205298339 21.8198864414204
0.599968327390633 5824185.97928321 646.586729729137 24.4339870567545
0.659467897766406 5824166.49843823 663.284271572037 27.2172902013268
0.721086631678232 5824145.79339549 681.031095121874 30.175509385358
0.784745778523037 5824123.8208447 699.864320861274 33.3148344409927
0.85036938041002 5824100.53411376 719.823950513359 36.6419357237272
0.917884113469999 5824075.88312138 740.95290770296 40.1639709181824
0.987219153238097 5824049.81431292 763.297092858288 43.8885942204528
1.05830605947946 5824022.27058102 786.905451266123 47.8239677161446
1.13107867666585 5823993.19117175 811.830053435665 51.9787748136055
1.20547304701499 5823962.51157724 838.126187130432 56.3622356259175
1.28142733358386 5823930.16341518 865.852460597988 60.984124223668
1.35888175138412 5823896.07429562 895.070916670658 65.8547877044523
1.43777850487638 5823860.16767542 925.847157531051 70.9851670452202
1.51806173051768 5823822.36270024 958.250480038918 76.3868197207386
1.59967744329695 5823782.57403431 992.354021604469 82.0719440862777
1.6825734864051 5823740.71167779 1028.23491667022 88.0534055354956
1.76669948336045 5823696.68077161 1065.9744639315 94.3447644559271
1.85200679205234 5823650.3813895 1105.65830448687 100.960306014711
1.93844846028216 5823601.70831702 1147.37661116489 107.915071816507
2.02597918247556 5823550.55081719 1191.22428932491 115.224893484134
2.1145552573177 5823496.7923823 1237.30118947717 122.906428220559
2.20413454612549 5823440.31047147 1285.71233211314 130.977196418467
2.29467643182217 5823380.97623343 1336.56814517996 139.455621391066
2.38614177842044 5823318.65421402 1389.98471467574 148.361071304915
2.47849289095284 5823253.20204771 1446.08404888368 157.713903402664
2.57169347581428 5823184.47013258 1504.99435680441 167.535510610605
2.66570860150145 5823112.30128798 1566.85034138705 177.84837063299
2.76050465974996 5823036.53039416 1631.79350820139 188.676097642222
2.85604932708122 5822956.98401308 1699.97249023568 200.043496681231
2.9523115267801 5822873.47998955 1771.54338954765 211.976620901826
3.0492613913301 5822785.82703169 1846.67013654092 224.502831770387
3.14687022533667 5822693.82426994 1925.52486768396 237.650862380153
3.24511046897183 5822597.26079345 2008.28832253644 251.450884017518
3.34395566197349 5822495.91516287 2095.15026099628 265.9345761382
3.44338040823327 5822389.55489835 2186.30990173107 281.135199917935
3.54336034100493 5822277.93594164 2281.97638281095 297.087675551591
3.6438720887644 5822160.8020909 2382.36924561417 313.828663484137
3.74489324174979 5822037.8844071 2487.71894313445 331.396649767011
3.84640231920736 5821908.90059038 2598.26737387894 349.832035743897
3.94837873736692 5821773.55432511 2714.26844260818 369.17723228103
4.050802778167 5821631.534592 2835.98864923557 389.476758768724
4.15365555874739 5821482.51494559 2963.70770727184 410.777347132978
4.25691900172369 5821326.15275562 3097.71919327301 433.128051108894
4.36057580625568 5821162.08841013 3238.33122882526 456.580361041088
4.46460941991873 5820989.94447883 3385.86719668013 481.188324490512
4.56900401138449 5820809.32483432 3540.66649273643 507.008672942061
4.67374444391512 5820619.81372942 3703.08531565307 534.100954923149
4.77881624967264 5820420.97482817 3873.49749596917 562.527675860051
4.88420560484264 5820212.35018828 4052.29536670418 592.354445016377
4.98989930557049 5819993.45919261 4239.89067751306 623.650129876639
5.09588474470531 5819763.79742706 4436.7155545783 656.487018357415
5.20214988934596 5819522.83550222 4643.22350853289 690.940989249262
5.30868325918183 5819270.01781586 4859.89049282753 727.091691314527
5.4154739056197 5819004.76125343 5087.21601507935 765.022731489189
5.52251139168691 5818726.45382327 5325.72430407135 804.821872661448
5.62978577270028 5818434.45322326 5575.96553520936 846.581241525589
5.73728757768909 5818128.08533557 5838.51711738979 890.397547037113
5.84500779155993 5817806.64264559 6113.98504438375 936.372310024102
5.95293783799085 5817469.38258145 6403.00531400613 984.612104540666
6.06106956304128 5817115.52576991 6706.24541850719 1035.22881158076
6.16939521946461 5816744.25420439 7024.40590980496 1088.33988580541
6.27790745170949 5816354.70932066 7358.22204336573 1144.06863597309
6.38659928159616 5815945.98997546 7708.46550473935 1202.54451980177
6.49546409465402 5815517.150323 8075.94622296747 1263.90345403272
6.60449562710678 5815067.19758418 8461.51427530485 1328.28814051021
6.71368795349152 5814595.08970293 8866.06188792855 1395.84840913771
6.82303547489859 5814099.73288382 9290.52553755821 1466.74157862112
6.93253290781919 5813579.97900487 9735.88815917183 1541.13283596269
7.04217527358805 5813034.622899 10203.1814652783 1619.19563572509
7.15195788840915 5812462.39949735 10693.4883825004 1701.11212014591
7.26187635395267 5811861.98082722 11207.9456115305 1787.07356124624
7.37192654851208 5811231.97285701 11747.7463168486 1877.28082614578
7.48210461871094 5810570.91218019 12314.1429529381 1971.94486686963
7.59240697174927 5809877.26252989 12908.4502340993 2071.28723600987
7.70283026818047 5809149.41111496 13532.0482553489 2175.54062968846
7.81337141521027 5808385.66476834 14186.3857723055 2284.94945935673
7.92402756050984 5807584.24589755 14872.9836483911 2399.77045406267
8.03479608653638 5806743.28822694 15593.4384781465 2520.27329491875
8.14567460535496 5805860.83232045 16349.4263959387 2646.74128361292
8.2566609539565 5804934.82087321 17142.7070798648 2779.47204692283
8.36775319006759 5803963.09375948 17975.1279612007 2918.77827931922
8.47894958844916 5802943.38282379 18848.6286503331 3064.98852588035
8.59024863768141 5801873.30640139 19765.2455907294 3218.44800788466
8.70164903743409 5800750.36355323 20727.1169531631 3379.51949360592
8.81314969622215 5799571.92799988 21736.4877831175 3548.58421700416
8.92474972964778 5798335.24173778 22795.7154150315 3726.04284718761
9.0364484591314 5797037.40832043 23907.2751678558 3912.31651171763
9.14824541113511 5795675.38578573 25073.7663372318 4107.84787704081
9.26014031688403 5794245.97920993 26297.9185005145 4313.10228956211
9.37213311259182 5792745.83286705 27582.5981518275 4528.56898112141
9.48422394019864 5791171.42197173 28930.8156853688 4754.76234290438
9.5964131486312 5789519.0439816 30345.7327462946 4992.22327211121
9.70870129559655 5787784.80943429 31830.6699696884 5241.52059602285
9.82108914992278 5785964.63229217 33389.1151293868 5503.25257844852
9.9335776944621 5784054.2197663 35024.7317197939 5778.04851391324
10.0461681295739 5782049.06158938 36741.3679952691 6066.57041535094
10.1588618772071 5779944.41870525 38543.0664932369 6369.51480151353
10.2716605856048 5777735.31134036 40434.0740688466 6687.61459079126
10.384566134655 5775416.50642051 42418.8524708217 7021.64110866948
10.4975806419168 5772982.50429329 44502.089490083 7372.40621662684
10.6107064693511 5770427.52471426 46688.7107148308 7740.76457091452
10.7239462307911 5767745.49205161 48983.8919280413 8127.61602035267
10.8373028001915 5764930.01966117 51393.0721857847 8533.90815304481
10.9507793206961 5761974.39337982 53921.9676174261 8960.63900275146
11.0643792145726 5758871.55408177 56576.5859916448 9408.8599265892
11.1781061940639 5755614.07923792 59363.2420953357 9879.67866674237
11.2919642732152 5752194.16341416 62288.5739758453 10374.26261
11.4059577807356 5748603.59763914 65359.5601006886 10893.8422601759
11.520091373967 5744833.74756723 68583.5374929234 11439.7149398467
11.6343700540343 5740875.53035588 71968.220904751 12013.2487393745
11.7487991822612 5736719.39017041 75521.7230967231 12615.8867328713
11.863384497945 5732355.27222215 79252.5762951985 13249.1514826553
11.9781321375933 5727772.59523768 83169.7549064772 13914.6498558482
12.0930486557354 5722960.22224851 87282.6995723874 14614.0781791066
12.2081410474353 5717906.42958079 91601.3426591089 15349.2277601061
12.3234167726452 5712598.87391394 96136.1352787343 16121.9908073262
12.4388837825552 5707024.55726541 100898.075951612 16934.3667829777
12.5545505481102 5701169.7897454 105898.741026985 17788.4692276146
12.6704260908876 5695020.14991092 111150.316989953 18686.533099131
12.7865200165474 5688560.44253198 116665.634794481 19630.9226735431
12.9028425510945 5681774.6535645 122458.206375243 20624.1400602649
13.0194045802202 5674645.90210373 128542.263505681 21668.8343905933
13.1362176920198 5667156.389069 134932.799186053 22767.8117449483
13.2532942234244 5659287.34234422 141645.61176361 23924.0458921704
13.3706473107207 5651018.95806915 148697.35200782 25140.6899230324
13.4882909445859 5642330.33774279 156105.573386983 26421.0888702344
13.6062400301162 5633199.4207621 163888.785819155 27768.7934187485
13.7245104523912 5623602.9119758 172066.513200516 29187.5748236844
13.8431191481898 5613516.20378304 180659.355048771 30681.441168192
13.9620841845577 5602913.2922498 189689.052638574 32254.6551116243
14.0814248450229 5591766.68665006 199178.560051238 33911.7532987049
14.2011617243705 5580047.31176263 209152.120613095 35657.5676242826
14.3213168330227 5567724.40216684 219635.349257122 37497.2485760424
14.4419137122217 5554765.38767758 230655.321412389 39436.2909100318
14.5629775614023 5541135.76894074 242240.669107275 41480.5619519883
14.6845353793513 5526798.98206992 254421.685067739 43636.3328623468
14.8066161210141 5511716.2510404 267230.435703728 45910.3132558778
14.9292508721078 5495846.42636122 280700.8840089 48309.6896298779
15.0524730440715 5479145.80831487 294869.023555248 50842.1681298856
15.1763185923163 5461567.95277774 309773.02495056 53516.0222717014
15.3008262612713 5443063.45730381 325453.396349715 56340.1463464782
15.4260378603572 5423579.72475472 341953.159879181 59324.1153661001
15.5519985758024 5403060.70127662 359318.046158907 62478.2525644747
15.6787573241667 5381446.58483524 377596.709501023 65813.7056637404
15.8063671546186 5358673.49979924 396840.966848943 69342.5333518233
15.9348857084628 5334673.13217186 417106.064117105 73077.8037110345
16.064375746236 5309372.31896586 438450.974332185 77033.7067019616
16.1949057549676 5282692.58383439 460938.732902433 81225.6832631792
16.3265506510894 5254549.60932929 484636.816508172 85670.574162543
16.4593925981575 5224852.63394527 509617.573588059 90386.7924666708
16.5935219632801 5193503.75927453 535958.716293998 95394.5244314747
16.7290384422831 5160397.14893015 563743.886243057 100715.964826798
16.8660523916856 5125418.09611029 593063.309602275 106375.594287443
17.0046864161965 5088441.93035661 624014.561278237 112400.508365156
17.145077274691 5049332.72562517 656703.463642307 118820.810732526
17.2873781869268 5007941.76038484 691245.15287836 125670.086736799
17.4317616497709 4964105.66483401 727765.356539994 132985.978626002
17.5784229086429 4917644.16859969 766401.940520546 140810.890879766
17.7275842821843 4868357.33157893 807306.804320918 149192.864100158
17.8795006135292 4816022.09640958 850648.233293578 158186.670296843
18.0344662323145 4760387.9362431 896613.860322857 167855.203434045
18.1928239779307 4701171.27427245 945414.455179331 178271.270548225
18.3549770905925 4638048.20200128 997288.861093888 189519.93690484
18.521405182078 4570644.78694421 1052510.55856378 201701.654492007
18.6926861599802 4498523.87480658 1111396.5988287 214936.526364724
18.8695271008733 4421166.63832144 1174320.09470959 229370.266968978
19.0528090505706 4337945.97140909 1241728.24505523 245182.783535683
19.2436544160108 4248086.68367714 1314169.33816781 262600.97815505
19.4435328952031 4150603.21706416 1392335.08862942 281918.694306421
19.6544373891937 4044196.59854374 1477130.87013254 303529.531323718
19.8791975827127 3927071.27688081 1569800.9709026 327984.752216586
20.1220948115181 3796576.72288304 1672174.68510548 356105.592011486
20.3902433968563 3648403.30458272 1787221.16058041 389232.534836877
20.6762019327003 3486499.55278529 1911353.69435308 427003.752861635
20.9613062970908 3322114.59807119 2035549.79305271 467192.608876101
21.2427465058958 3158035.82949481 2157480.4371248 509340.733380389
21.5234663658767 2993709.73116697 2277340.35828171 553806.910551332
21.8081998668845 2827505.8748856 2396014.64358955 601336.481524857
22.1027328053602 2657296.58053382 2514560.85642215 652999.563044038
22.4005933324338 2488154.97384057 2628975.42955754 707726.596601889
22.6999013333525 2322373.02578756 2737380.79628 765103.177932448
22.9936751987062 2164727.36234657 2836532.27402128 823597.363632157
23.2822311518789 2015581.73504165 2926275.55049564 882999.714462714
23.5678918076328 1874130.56068446 3007179.09330669 943547.34600886
23.8531777219217 1739499.22353966 3079777.91086222 1005579.86559813
24.1403691267865 1611007.35777246 3144415.01540189 1069434.62682565
24.4314950556378 1488177.81212013 3201251.68922352 1135427.49865636
24.7284242595118 1370689.95034391 3250307.95627135 1203859.09338475
25.0021614669583 1269326.16478109 3287741.98282327 1267788.85239565
25.2538719008542 1181914.22200148 3315781.77963589 1327160.99836263
25.5005481342634 1101513.21600523 3337559.88121047 1385783.9027843
25.7364244551693 1029362.65898443 3353338.7257691 1442155.61524647
25.9616634059044 964635.562565712 3364024.26805429 1496197.16938001
26.1779274180371 906177.60709629 3370462.4245306 1548216.96837311
26.386933726667 852979.498491451 3373317.6339393 1598559.86756925
26.5901096015275 804242.577175092 3373097.30959851 1647517.1132264
26.7885778317795 759345.285141336 3370194.18265126 1695317.53220741
26.9832168302898 717798.751936117 3364919.6787088 1742138.56935509
27.1747225434864 679211.171785078 3357526.81831158 1788119.00990335
27.3636566718277 643262.290762774 3348225.54564608 1833369.16359115
27.5504814100638 609685.609060142 3337193.12903808 1877978.26190179
27.7355840136887 578255.898795659 3324581.4091828 1922019.69202154
27.9192942637227 548780.29243604 3310522.00098239 1965554.70658157
28.1018970764543 521091.779873841 3295130.13072257 2008635.0894036
28.2836417836593 495044.357723851 3278507.53582778 2051305.10644837
28.4647490975419 470509.336401282 3260744.70226446 2093602.96133426
28.6454164360396 447372.476617904 3241922.62201094 2135561.90137117
28.8258220643719 425531.732665768 3222114.19505216 2177211.07228208
29.0061283658981 404895.448217138 3201385.36301735 2218576.18876552
29.1864844614287 385380.895460331 3179796.03683356 2259680.06770611
29.3670283333229 366913.078776515 3157400.86394255 2300543.05728094
29.5478885679026 349423.745071389 3134249.86892401 2341183.38600461
29.7291858000068 332850.557548421 3110388.99306069 2381617.4493909
29.9110339225054 317136.400194457 3085860.5523795 2421860.04742605
30.0935411085095 302228.787863287 3060703.62929713 2461924.58283959
30.2768106830008 288079.3624566 3034954.40971965 2501823.22782375
30.4609418724646 274643.459896578 3008646.47497245 2541567.06513098
30.6460304550057 261879.73575786 2981811.05605014 2581166.20819201
30.8321693288051 249749.839854503 2954477.2562214 2620629.9039241
31.0194490132322 238218.131954457 2926672.24689038 2659966.62115517
31.2079580941924 227251.432258852 2898421.44072613 2699184.12701502
31.3977836231493 216818.801436772 2869748.64536563 2738289.55319761
31.589011477588 206891.345921783 2840676.20043225 2777289.45364597
31.7817266893493 197442.044908928 2811225.10015817 2816189.85493291
31.9760137462112 188445.596081016 2781415.10353113 2854996.30038785
32.1719568712408 179878.277571694 2751264.83358713 2893713.88884118
32.3696402837544 171717.82406344 2720791.86722407 2932347.30871249
32.5691484451744 163943.315239398 2690012.81670921 2970900.86805139
32.7705662926167 156535.075072783 2658943.40388487 3009378.52104236
32.9739794626793 149474.580657401 2627598.52793684 3047783.89140576
33.1794745076057 142744.379466154 2595992.32747279 3086120.29306106
33.3871391057522 136328.01407806 2564138.23755906 3124390.74836288
33.5970622680915 130209.953543677 2532049.04228146 3162598.00417486
33.8093345423286 124375.530668147 2499736.92332469 3200744.54600717
34.0240482160726 118810.884583924 2467213.50500542 3238832.61041066
34.2412975204134 113502.908064337 2434489.89614276 3276864.19579291
34.461178835168 108439.199096783 2401576.72910606 3314841.07179716
34.6837908970086 103608.016292429 2368484.19634266 3352764.78736492
34.9092350116393 98998.2377592791 2335222.08465577 3390636.67758496
35.1376152711667 94599.3231086801 2301799.80747505 3428457.86941627
35.3690387777937 90401.2783027791 2268226.43533858 3466229.28635864
35.6036158749701 86394.6230829762 2234510.72478401 3503951.65213301
35.8414603871445 82570.3607477964 2200661.1458293 3541625.4934229
36.0826898692871 78919.9500733848 2166685.90820759 3579251.14171903
36.3274258673847 75435.2791915752 2132592.98650795 3616828.73430048
36.5757941911584 72108.6412595561 2098390.14436203 3654358.21437842
36.8279252003069 68932.711771981 2064084.95780692 3691839.3304211
37.0839541056453 65900.5273812174 2029684.83794644 3729271.63467235
37.3440212865873 63005.4661045538 1995197.05302538 3766654.48087006
37.608272626505 60241.2288088379 1960628.75002608 3803987.02116509
37.8768598676034 57601.8218733688 1925986.97589076 3841268.20223587
38.1499409870554 55081.5409410788 1891278.69846989 3878496.76058903
38.4276805962727 52674.9556762692 1856510.82729278 3915671.21703096
38.7102503653245 50376.8954545137 1821690.23425445 3952789.87029104
38.9978294746728 48182.4359169248 1786823.77431073 3989850.78977235
39.2906050965634 46086.8863268928 1751918.30627207 4026851.80740104
39.5887729086016 44085.7776727099 1716980.71378575 4063790.50854155
39.8925376422486 42174.8514642763 1682017.92659558 4100664.22194015
40.2021136692053 40350.0491763987 1647036.94216824 4137470.00865536
40.5177256289015 38607.5022950771 1612044.84777532 4174204.6499296
40.8396091005852 36943.5229267077 1577048.84312072 4210864.63395258
41.1680113238131 35354.5949333141 1542056.26360343 4247446.14146326
41.5031919714752 33837.3655598152 1507074.60430637 4283945.03013382
41.8454239798557 32388.6375219668 1472111.54480206 4320356.81767598
42.1949944406361 31005.3615260034 1437174.97486646 4356676.66360754
42.5522055601884 29684.629193185 1402273.02119171 4392899.34961511
42.9173756919948 28423.6663644329 1367414.07518788 4429019.25844769
43.2908404485663 27219.8267620509 1332606.82196192 4465030.35127603
43.6729538998218 26070.5859871732 1297860.27055929 4500926.14345354
44.0640898655388 24973.5358330909 1263183.78554943 4536699.67861748
44.4646433102033 23926.37889598 1228587.12002981 4572343.50107421
44.8750318493775 22926.9234658087 1194080.45011506 4607849.62641913
45.2956973775764 21973.0786813463 1159674.41096593 4643209.51035273
45.7271078286155 21062.8499342356 1125380.13439782 4678414.01566795
46.1697590804663 20194.334508037 1091209.28808937 4713453.37740259
46.6241770178567 19365.7174390074 1057174.11638671 4748317.16617429
47.0909197671952 18575.2675861506 1023287.48266803 4782994.24974583
47.5705801199012 17821.3338987653 989562.913194978 4817472.75290626
48.0637881619274 17102.3418703331 956014.642329877 4851740.01579979
48.5712141291859 16416.7901681271 922657.658940463 4885782.55089141
49.0935715107952 15763.2474283895 889507.753744585 4919585.99882703
49.6316204245956 15140.3492073238 856581.567264285 4953135.08352839
50.1861712923216 14546.7950784697 823896.637960364 4986413.56696117
50.7580888452433 13981.3458672888 791471.450002991 5019404.20412972
51.348296495138 13442.8210139748 759325.479999293 5052088.69898674
51.9577811102486 12930.0960556208 727479.241843647 5084447.66210074
52.5875982416466 12442.1002189372 695954.32867956 5116460.57110151
53.2388778523686 11977.8141147014 664773.450762775 5148105.73512253
53.9128306101659 11536.2675250603 633960.467794061 5179360.26468088
54.610754815088 11116.5372746964 603540.414048723 5210200.04867658
55.3340440459334 10717.7451767141 573539.514371364 5240599.74045193
56.0841956254877 10339.0560439303 543985.188834552 5270532.75512152
56.8628200242678 9979.67575607419 514906.043586981 5299971.28065695
57.6716513472321 9638.84937323662 486331.845152034 5328886.30547473
58.5125590789446 9315.85928579868 458293.475196702 5357247.6655175
59.3875613016417 9010.02339103214 430822.86259291 5385024.11401606
60.2988396496725 8720.69328665233 403952.889462135 5412183.41725122
61.2487563255144 8447.25247184598 377717.26785703 5438692.47967113
62.2180899201095 8194.51341374633 352693.377001758 5463969.1095845
63.1944535999736 7963.76988034716 329156.975902558 5487736.2542171
64.1734063415062 7753.76248495719 307129.29711076 5509973.94040429
65.1534175769284 7562.61132799174 286549.449155309 5530744.9395167
66.1339986766525 7388.42515472057 267333.707278128 5550134.86756716
67.1150273550931 7229.47095878249 249395.157199393 5568232.37184183
68.0965062147679 7084.20488736346 232649.919063983 5585122.87604866
69.078477278119 6951.26227669673 217018.905189683 5600886.83253362
70.0609922273059 6829.43777646551 202428.117848189 5615599.44437535
71.0441024295655 6717.66496070405 188808.487943054 5629330.84709625
72.0278559226634 6614.99797625715 176095.584779179 5642146.41724457
73.0122967968485 6520.5956644087 164229.303866381 5654107.10046921
73.9974653593374 6433.70798311916 153153.565800717 5665269.72621617
74.9833985180541 6353.66442024038 142816.035081452 5675687.30049831
75.9701301940868 6279.8640910218 133167.860017266 5685409.27589172
76.9576917033922 6211.76725188369 124163.432590712 5694481.80015741
77.9461120934522 6148.88800515366 115760.166614501 5702947.94538035
78.9354184354244 6090.78800760299 107918.292516551 5710847.91947585
79.9256360765908 6037.07102762326 100600.667239532 5718219.26173285
80.9167888586073 5987.37822221025 93772.5979112957 5725097.0238665
81.9088993066373 5941.3840264702 87401.6780997469 5731513.93787379
82.9019887937711 5898.79256601015 81457.6356018038 5737500.57183219
83.8960776844468 5859.33451706377 75912.1908321305 5743085.47465081
84.8911854599947 5822.76435114237 70738.9249760407 5748295.31067282
85.8873308289187 5788.857910871 65913.1571554185 5753154.98493371
86.8845318241094 5757.41027185967 61411.829929191 5757687.75979895
87.8828058888391 5728.23385227813 57213.4025129213 5761915.3636348
88.8821699530964 5701.1567374984 53297.7511571448 5765858.09210536
89.8826405015838 5676.02119194164 49646.0761724788 5769534.90263558
90.8842336345002 5652.68233427729 46240.8151323662 5772963.50253336
91.8869651220673 5631.00695550352 43065.5618224506 5776160.43122205
92.8908504536157 5610.8724622959 40104.990539691 5779141.13699802
93.8959048819356 5592.1659304334 37344.7853750146 5781920.04869456
94.9021434634927 5574.78325516924 34771.5741410176 5784510.64260382
95.909581095033 5558.62838716723 32372.86663136 5786925.50498148
96.9182325470249 5543.6126441214 30136.9969213751 5789176.39043451
97.9281124943296 5529.65408945827 28053.0694403004 5791274.27647024
98.9392355444412 5516.67697062019 26110.9085646611 5793229.41446472
99.951616263592 5504.61121037312 24301.0114998964 5795051.37728973
100.965269200983 5493.39194539674 22614.5042334669 5796749.10382114
101.980208911367 5482.9591071171 21043.100357581 5798330.9405353
102.996449976189 5473.25704035066 19579.0625734245 5799804.68038623
104.014007023453 5464.23415585516 18215.1667015079 5801177.59914264
105.032894746479 5455.84261334082 16944.668034525 5802456.48935214
106.053127921692 5448.03803189332 15761.2698800521 5803647.69208806
107.074721425561 5440.77922510757 14659.0941505631 5804757.12662433
108.0976902508 5434.02795853407 13632.6538676694 5805790.3181738
109.122049521938 5427.7487273054 12676.8274562657 5806752.42381643
110.147814510344 5421.90855204249 11786.8347124317 5807648.25673553
111.175000648792 5416.47679134464 10958.2143365455 5808482.30887211
112.203623545634 5411.42496934707 10186.8029301557 5809258.7721005
113.233698998659 5406.72661698735 9468.71536177222 5809981.55802124
114.265243008698 5402.35712576254 8800.32641290216 5810654.31646134
115.298271793027 5398.29361288154 8178.25362141906 5811280.4527657
116.332801798636 5394.51479682698 7599.34124472463 5811863.14395845
117.368849715399 5391.00088243787 7060.64527018686 5812405.35384738
118.406432489208 5387.73345471014 6559.41940502734 5812909.84714026
119.445567335106 5384.69538058931 6093.10198221439 5813379.2026372
120.486271750466 5381.87071809762 5659.30372301525 5813815.82555889
121.528563528262 5379.24463219904 5255.79630069123 5814221.95906711
122.572460770466 5376.80331686039 4880.50165340028 5814599.69502974
123.617981901614 5374.53392281547 4531.48199772121 5814950.98407946
124.665145682578 5372.4244905832 4206.93049734484 5815277.64501207
125.713971224589 5370.46388833011 3905.16254440832 5815581.37356726
126.764478003537 5368.64175420305 3624.60761368866 5815863.75063211
127.816685874597 5366.94844279016 3363.80165243602 5816126.24990478
128.870615087214 5365.37497539678 3121.37997102615 5816370.24505358
129.926286300488 5363.91299384928 2896.07060185611 5816597.0164043
130.983720599001 5362.55471756362 2686.68809600739 5816807.75718643
132.042939509116 5361.29290363643 2492.12772916659 5817003.5793672
133.103965015803 5360.12080973658 2311.36009013233 5817185.51910013
134.166819580033 5359.03215959219 2143.42602695861 5817354.54181345
135.231526156769 5358.02111088489 1987.43192739559 5817511.54696172
136.298108213627 5357.08222537725 1842.54531179577 5817657.37246283
137.366589750228 5356.21044111322 1707.99071806445 5817792.79884082
138.436995318318 5355.40104654333 1583.04585955351 5817918.5530939
139.509350042685 5354.64965643794 1467.0380380329 5818035.31230553
140.583679642948 5353.95218946193 1359.34079503041 5818143.70701551
141.660010456269 5353.30484729372 1259.37078591241 5818244.32436679
142.738369461053 5352.70409518033 1166.58486209075 5818337.71104273
143.818784301703 5352.14664382782 1080.4773476884 5818424.37600848
144.901283314499 5351.62943253427 1000.57749788331 5818504.79306958
145.985895554683 5351.14961347871 926.447126979618 5818579.40325954
147.072650824824 5350.70453708603 857.678395031634 5818648.61706788
148.161579704554 5350.29173839352 793.8917425726 5818712.81651904
149.252713581768 5349.90892434975 734.733963679949 5818772.35711197
150.346084685381 5349.55396198193 679.876408244754 5818827.56962977
151.441726119763 5349.22486737189 629.013304908094 5818878.76182772
152.539671900951 5348.91979538525 581.860196683796 5818926.22000793
153.639956994769 5348.6370301024 538.152481807768 5818970.21048809
154.742617356996 5348.37497590309 497.644052841423 5819010.98097126
155.847689975711 5348.13214916009 460.106027512397 5819048.76182333
156.95521291599 5347.90717050051 425.325565202143 5819083.7672643
158.065225367104 5347.69875759583 393.104763388721 5819116.19647902
159.177767692421 5347.50571844492 363.259628726114 5819146.23465283
160.292881482189 5347.32694511633 335.619117790261 5819174.05393709
161.41060960944 5347.16140791865 310.024242848205 5819199.81434923
162.530996289231 5347.00814996991 286.327238311908 5819223.66461172
163.654087141489 5346.86628213883 264.39078382357 5819245.74293404
164.779929257733 5346.73497833267 244.087280186105 5819266.17774148
165.908571271985 5346.61347110821 225.298174601878 5819285.08835429
167.040063436199 5346.50104758372 207.913331916067 5819302.5856205
168.174457700585 5346.39704563178 191.830448779066 5819318.77250559
169.311807799207 5346.30085033354 176.954507846226 5819333.74464182
170.452169341331 5346.21189067685 163.197269323797 5819347.59084
171.595599908977 5346.12963648167 150.476797348116 5819360.39356617
172.742159161235 5346.05359553725 138.717018851549 5819372.22938561
173.891908945922 5345.98331093667 127.847312724405 5819383.16937634
175.044913419249 5345.91835859534 117.802127227421 5819393.27951418
176.201239174212 5345.85834494099 108.520623745432 5819402.62103131
177.360955378516 5345.80290476328 99.9463450998095 5819411.25075014
178.524133922939 5345.75169921243 92.0269067559849 5819419.22139403
179.690849581115 5345.70441393635 84.7137093732918 5819426.58187669
180.861180181864 5345.66075734721 77.9616712479584 5819433.37757141
182.035206795316 5345.62045900822 71.7289792969131 5819439.6505617
183.213013934214 5345.58326813273 65.9768573204988 5819445.43987455
184.394689771975 5345.54895218771 60.6693503666649 5819450.78169745
185.580326379268 5345.51729559463 55.7731240981261 5819455.70958031
186.770019981108 5345.48809852097 51.2572781376643 5819460.25462334
187.963871236711 5345.4611757562 47.0931724355869 5819464.44565181
189.161985544664 5345.43635566633 43.2542657676305 5819468.30937857
190.36447337633 5345.41347922178 39.7159655316164 5819471.87055525
191.571450640771 5345.3923990934 36.4554880672117 5819475.15211284
192.783039084994 5345.37297881194 33.4517287754665 5819478.17529241
193.999366733856 5345.3550919867 30.6851413636536 5819480.95976665
195.220568374605 5345.33862157917 28.1376255865301 5819483.52375283
196.446786091827 5345.32345922795 25.7924228977068 5819485.88411787
197.67816985946 5345.30950462121 23.6340194645373 5819488.05647591
198.914878197623 5345.29666491373 21.6480560370114 5819490.05527905
200.157078903285 5345.28485418504 19.8212441957361 5819491.89390162
201.404949865361 5345.27399293611 18.1412885363659 5819493.58471853
202.658679976666 5345.26400762175 16.596814377962 5819495.139178
203.918470157408 5345.25483021625 15.1773006108512 5819496.56786917
205.184534507656 5345.24639781001 13.8730173257582 5819497.88058486
206.457101609529 5345.2386522349 12.6749678904165 5819499.08637988
207.736416004025 5345.23153971642 11.5748351626441 5819500.19362512
209.022739872457 5345.22501055071 10.5649315500964 5819501.2100579
210.316354958851 5345.21901880473 9.63815264669016 5819502.14282855
211.61756477763 5345.21352203796 8.78793419410835 5819502.99854377
212.926697160995 5345.20848104403 8.00821213393364 5819503.78330682
214.244107213266 5345.203859611 7.29338553188811 5819504.50275486
215.570180755987 5345.19962429886 6.63828217044497 5819505.16209353
216.905338369023 5345.19574423305 6.0381266197744 5819505.76612915
218.250040160982 5345.19219091293 5.48851060963323 5819506.31929848
219.604791439496 5345.18893803395 4.98536553642721 5819506.82569643
220.970149501725 5345.18596132272 4.52493695026858 5819507.28910173
222.346731833055 5345.18323838389 4.10376087638708 5819507.71300074
223.735226094939 5345.18074855802 3.71864183365209 5819508.10060961
225.136402412587 5345.17847278962 3.36663242007277 5819508.45489479
226.551128657395 5345.17639350442 3.04501434069519 5819508.77859216
227.980389685188 5345.1744944953 2.75128075684782 5819509.07422475
229.42531188386 5345.17276081592 2.48311983641522 5819509.34411935
230.887194976214 5345.17117868131 2.23839938139121 5819509.59042194
232.367553940209 5345.16973537458 2.01515239899885 5819509.81511223
233.868175368847 5345.16841915879 1.81156346186121 5819510.02001738
235.391194996378 5345.16721919251 1.62595566299087 5819510.20682515
236.93920723299 5345.16612544767 1.45677789692386 5819510.37709666
238.515424919883 5345.16512862678 1.30259205654636 5819510.53227932
240.123921444642 5345.16422007506 1.16205945451875 5819510.67372047
241.770015461381 5345.16339167948 1.03392518961485 5819510.80268313
243.460919990335 5345.1626357374 0.916997843389844 5819510.92036642
245.245162878914 5345.16193055832 0.807922384415359 5819511.03014706
247.175886247418 5345.16126164585 0.70445654701709 5819511.13428181
249.311964341457 5345.16062090898 0.605348832352501 5819511.23403026
250 5345.16043439809 0.576499752605325 5819511.26306585
