0 5824357 500 0
0.01 5824356.58334433 500.059491567331 0.357164103711625
0.03 5824355.74988435 500.178495848859 1.0716198056516
0.07 5824354.08236965 500.416589022575 2.50104132859684
0.15 5824350.74496002 500.893113998214 5.36192597919928
0.31 5824344.06060932 501.847519948123 11.0918707342799
0.63 5824330.65369779 503.761767748052 22.5845344590558
1.21797300731012 5824305.88626222 507.298009197279 43.815728584618
2.08893343038182 5824268.87876059 512.581692847059 75.5395465629592
3.24346314302427 5824219.22787334 519.670197925501 118.101928737597
4.67486611652496 5824156.71619982 528.594282073441 171.689518101296
6.37302754586696 5824081.16202657 539.379528612243 236.45844481202
8.32651723794951 5823992.34059417 552.057582284431 312.601823547743
10.5236411423668 5823889.94646688 566.671512901166 400.38202022287
12.9529204351702 5823773.57724975 583.278127537813 500.144622706896
15.6032850164194 5823642.72718165 601.948869161626 612.323949183377
18.4641344682772 5823496.78463346 622.770154018916 737.445212520016
21.525342255304 5823335.03063153 645.843558657891 876.125809814042
24.7772386595928 5823156.63710039 671.286042552123 1029.07685705658
28.2105881566584 5822960.66427094 699.230284755583 1197.10544429973
31.8165676138619 5822746.05704034 729.825164311154 1381.1177953447
35.5867474645697 5822511.64021289 763.236393551714 1582.12339355589
39.5130761911454 5822256.11260298 799.647305846782 1801.24009116657
43.5878677404149 5821978.03999216 839.259797570048 2039.70021026911
47.8037912830472 5821675.84692556 882.295424768565 2298.85764966528
52.1538627277556 5821347.80731935 928.996656704605 2580.19602394792
56.631437481654 5820992.03383376 979.628290468463 2885.33787576936
61.2302040510224 5820606.46594929 1034.4790329653 3216.05501773933
65.9441781773119 5820188.85666495 1093.86325867719 3574.28007636732
70.7676972920094 5819736.75771933 1158.12295368564 3962.11932698284
75.6954151484784 5819247.50321556 1227.62985853526 4381.86692590793
80.7222965495048 5818718.19151064 1302.78782466327 4836.02066469608
85.8436121376893 5818145.66520721 1384.03540135579 5327.29939143766
91.0549332539235 5817526.48906098 1471.84867256523 5858.66226645202
96.3521268989471 5816856.92558981 1566.74436548073 6433.33004470307
101.731350856146 5816132.90813885 1669.28325553558 7054.80860561672
107.189049051909 5815350.011121 1780.07389561669 7726.91498338509
112.721947244389 5814503.41711115 1899.77670067169 8453.80618817857
118.327049143627 5813587.88042525 2029.10842275869 9240.01115199317
124.001633076826 5812597.68676068 2168.84705593259 10090.4661833881
129.743249322989 5811526.60841005 2319.83721530487 11010.5543746487
135.549718252266 5810367.85448491 2482.99604026485 12006.1494748221
141.419129417931 5809114.0154967 2659.31967834655 13083.6648249515
147.349841764021 5807757.00153569 2849.89041373459 14250.1080505758
153.340485130264 5806287.97316204 3055.88451313092 15513.1423248239
159.389963259187 5804697.26397028 3278.58087190913 16881.1551578121
165.497458539639 5802974.29360409 3519.37055548533 18363.335840421
171.662438758037 5801107.46977458 3779.76734504117 19969.7628803813
177.884666175599 5799084.0775607 4061.41941366291 21711.5030256329
184.164209309379 5796890.15393401 4366.12227927639 23600.7237867107
190.501457870622 5794510.34503171 4695.83320532552 25650.8217629661
196.897141410466 5791927.74318137 5052.68725009265 27876.5695685382
203.352352346715 5789123.70002539 5439.0152023926 30294.2847722129
209.868574204558 5786077.61126314 5857.3636870898 32922.0250497693
216.447716110622 5782766.66746746 6310.51778120524 35779.814751331
223.092154849325 5779165.56406324 6801.52655400612 38889.9093827573
229.804786145914 5775246.16177141 7333.73203756076 42277.1061910253
236.589087313457 5770977.08647269 7910.80225503577 45969.1112722699
243.449194037321 5766323.25431465 8536.76909284941 49996.9765925003
250.389994937084 5761245.3036634 9216.07201466188 54395.6243219393
257.417248741365 5755698.90972594 9953.60890218249 59204.4813718767
264.537730585236 5749633.94965317 10754.7957031127 64468.2546437157
271.759416322391 5742993.47462297 11625.6371211341 70237.8882558955
279.091717196209 5735712.42915312 12572.8113764871 76571.7594703928
286.545782315881 5727716.03407627 13603.7732265086 83537.1926972166
294.134894094451 5718917.71391027 14726.8811749594 91212.4049147684
301.874993754489 5709216.39448928 15951.5574765666 99689.0480341532
309.785393056999 5698492.90995909 17288.4937913052 109075.596249602
317.889759782631 5686605.11651241 18749.9223172897 119501.961170301
326.217518138522 5673381.06987618 20349.9841392198 131125.945984602
334.80590110107 5658609.19764812 22105.2478079495 144142.554543928
343.703072066548 5642023.60260055 24035.4712855325 158797.926113921
352.973094638011 5623281.05309409 26164.7810660084 175411.165839905
362.704312263306 5601922.82350257 28523.6178986944 194410.558598736
373.024571264561 5577306.50468142 31152.2212336792 216398.274084898
384.13182250463 5548471.1797896 34107.5863053193 242278.233905079
396.365356076442 5513828.83539646 37479.6748777706 273548.48972577
409.47382035485 5473316.66597202 41172.9357821798 310367.398245799
421.223102129958 5434049.08100342 44491.6917668096 346316.227229772
432.691728699804 5393109.19909125 47674.1015720513 384073.699336692
443.780426541653 5351207.16542467 50633.3137211884 423016.520854142
454.611580593065 5308254.43717497 53348.9228660803 463253.639958953
465.360871276267 5263867.00908896 55811.6873205438 505178.303590497
476.217910602366 5217520.44002228 58004.1574302238 549332.402547493
487.398516894147 5168526.38355899 59893.3263850132 596437.290055994
499.190639017586 5115868.35931799 61423.2559978848 647565.384684123
511.223142517449 5061573.1712656 62446.6819057543 700837.146828648
523.341584223618 5006831.24437555 62896.8343449583 755128.921279488
535.593440709532 4951956.8013305 62749.0173232693 810151.181346232
548.105566504476 4896937.23757555 61985.2247955166 865934.537628928
561.044997945765 4841653.45912444 60582.8796959452 922620.661179615
573.679965175679 4789713.80705699 58672.5664714813 976470.626471525
586.068023902225 4741113.48601602 56353.6277184845 1027389.8862655
597.903200892087 4697087.05580229 53800.3460015381 1073969.59819617
609.318160565066 4657015.70915147 51095.361529084 1116745.92931945
620.522063522792 4620067.72744754 48273.8176512769 1156515.45490118
631.71179515274 4585570.32538152 45351.2689283243 1193935.40569015
643.071184851504 4553013.38828785 42334.0165197685 1229509.59519238
654.794428616678 4521983.17734417 39220.7046184533 1263653.11803738
667.124873570604 4492086.64270806 35998.810330023 1296771.54696192
680.431394490598 4462846.57912423 32633.7793987145 1329376.64147705
695.422407280371 4433449.11271734 29034.5986041938 1362373.28867846
714.188739438973 4401519.01357872 24876.6396550492 1398461.34676623
731.879163351024 4375881.79454494 21348.133853593 1427627.07160147
746.973304328715 4357047.12264266 18646.753879338 1449163.123478
760.242844221638 4342547.99580793 16503.6744780633 1465805.32971401
772.470230204307 4330717.41566007 14713.8012618133 1479425.78307812
784.480452091205 4320383.23047884 13119.8381135961 1491353.93140756
796.045563076737 4311518.41653906 11729.7544167821 1501608.82904416
807.18917744789 4303886.10803411 10516.031758842 1510454.86020705
817.990151330562 4297257.68495013 9449.21315769391 1518150.10189217
828.524500685468 4291452.33606217 8505.10775823157 1524899.5561796
838.853749846559 4286332.20102014 7664.85416986548 1530859.94480999
849.025847037782 4281791.29944162 6913.69667760333 1536152.00388077
859.078367145813 4277746.45530644 6239.86864254758 1540870.67605101
869.041388568526 4274130.93941664 5633.78388353668 1545092.27669983
878.939630961377 4270890.15566194 5087.48079266437 1548879.3635454
888.793969433017 4267978.68950513 4594.23979147525 1552284.07070339
898.622508211946 4265358.24235195 4148.31465586625 1555350.44299218
908.441360578724 4262996.14737398 3744.73876602411 1558116.11385999
918.265237256775 4260864.27549955 3379.18161147169 1560613.54288898
928.10791222132 4258938.2100756 3047.83986589321 1562870.9500585
937.982613444185 4257196.6113017 2747.35286641835 1564913.03583189
947.902373415085 4255620.71785126 2474.73574161741 1566761.54640713
957.880367795339 4254193.94969719 2227.32557623743 1568435.72472657
967.930268813545 4252901.58687904 2002.73737781062 1569952.67574315
978.066642657787 4251730.50601688 1798.82751176582 1571327.66647135
988.30542798817 4250668.96109675 1613.66286704766 1572574.3760362
998.66454826048 4249706.39818321 1445.49440032423 1573705.10741647
1009.16473919504 4248833.29566597 1292.73393252864 1574730.97040151
1019.83072577921 4248041.02254992 1153.93314464615 1575662.04430544
1030.69298546919 4247321.70694223 1027.7635935558 1576507.52946421
1041.79054393403 4246668.10442069 912.996085331085 1577275.89949398
1053.17571639911 4246073.44885531 808.476451587053 1577975.0746931
1064.92286576974 4245531.24874993 713.091301882717 1578612.65994818
1077.14658253301 4245034.93283135 625.706822801275 1579196.36034585
1090.04661931426 4244577.02686563 545.024511653119 1579734.94862272
1095 4244417.3590436 516.877613763695 1579922.76334264
