QR-decomposition:
random 4x3 matrix A:
     0.249      0.111      0.467 
     0.772      0.658      0.433 
     0.354      0.944      0.101 
     0.642     0.0286      0.248 
matrix R:
      1.09      0.812       0.59 
         0      0.823    -0.0488 
         0          0      0.356 
Q^T*Q:
         1          0          0 
         0          1   8.33e-17 
         0   8.33e-17          1 
Q*R:
     0.249      0.111      0.467 
     0.772      0.658      0.433 
     0.354      0.944      0.101 
     0.642     0.0286      0.248 
Q*R=A, test passed
