0 0 1
0.0852851170165523 0.0851817294059026 0.996363224407737
0.167542016893903 0.166758877470336 0.985993545751601
0.248888549804826 0.246325832016884 0.969180962993896
0.330228839188258 0.324257486053539 0.945960674386688
0.412038430519827 0.400474720906995 0.916297325238768
0.49464707541208 0.474716252053636 0.880125785594394
0.578348098333209 0.546634765215448 0.837354925561117
0.663446436972795 0.615826983718956 0.787861411973684
0.750286848476717 0.681837144927986 0.731479226635346
0.839279389909678 0.744147453468239 0.667984360534562
0.930931722165686 0.802158590118166 0.597071412160772
1.02336865929175 0.853844387603616 0.520477060137548
1.11454625961168 0.8976853284139 0.440569990428448
1.20402056341923 0.933459147125699 0.358593864503717
1.29192601634956 0.961334314248166 0.275257901575243
1.37856514259351 0.98154453276872 0.191039846550356
1.46426419182316 0.994292033818501 0.106323848083477
1.54933111189384 0.999728229755802 0.0214597976752008
1.6340495294719 0.997956465251337 -0.0632112939231014
1.71868405925459 0.989038811063056 -0.147345645643132
1.80348849625569 0.973001743155186 -0.230590150408267
1.88871444568302 0.949839588423528 -0.312577319212214
1.97462008616218 0.919515657623579 -0.392920160843159
2.06147954794239 0.881961065140634 -0.471206160867076
2.14959378466066 0.837070996398358 -0.546989674070148
2.23930423157593 0.784697769395242 -0.619781884920032
2.33101123183651 0.724639379615229 -0.689037057534548
2.42520050739019 0.65662107707058 -0.754132958904819
2.5224835176328 0.580265346794203 -0.814341725864208
2.62022051657857 0.498029248233662 -0.867075318601593
2.716520674261 0.4123495248245 -0.910940978320562
2.81105342804349 0.324521555328828 -0.945793171144264
2.90403466725016 0.235304422771622 -0.971835676075183
2.99582900817132 0.14522932840123 -0.989310515312155
3.08681471628331 0.054739271538801 -0.998411123456128
3.17734777120751 -0.0357507902928795 -0.999268461619999
3.2677600158761 -0.125827687628144 -0.991956359046128
3.35836772495812 -0.215067092819848 -0.976499140076824
3.44948285418164 -0.303025088574009 -0.952876956453228
3.54142507545599 -0.389230487852771 -0.921027897942121
3.63453484496196 -0.473176069798614 -0.880846708897396
3.72918870305994 -0.554307435023791 -0.832179738588032
3.82581879639551 -0.632008010661711 -0.774815128246223
3.92493982788474 -0.705577992200392 -0.708466152618395
4.02718896357218 -0.774203449910942 -0.632743657249999
4.13338904377093 -0.836908653000882 -0.547109556040151
4.23918287973417 -0.889998020058521 -0.455673223523924
4.34324913586527 -0.932513390771459 -0.360754213496965
4.44556514141554 -0.96447888161828 -0.263621348220784
4.54652506576936 -0.986133437187308 -0.165069519630301
4.64661581789115 -0.997688162385853 -0.0657046393385478
4.74631826928921 -0.99926942377857 0.0339290857861147
4.84608973662711 -0.990916348627653 0.133293385854968
4.94637316580169 -0.972588928799589 0.231829064132269
5.04761454255529 -0.944173901264913 0.328938993481213
5.15028365343048 -0.905485115315158 0.423972522142671
5.25489851647241 -0.856257254754968 0.516206902010588
5.36205638089789 -0.796131369869744 0.604822248217073
5.4724767359529 -0.724628918761477 0.688865521398913
5.58706615367455 -0.641107514223298 0.767195954076772
5.70702408102198 -0.54468425991921 0.838397499671853
5.82845586011734 -0.43911049576268 0.89819555767053
5.94903411242531 -0.327877944137584 0.944484948752008
6.06862862810209 -0.21284719345979 0.976849465423746
6.18788290846476 -0.0951163216730017 0.995226066979891
6.30769059983014 0.0245168107681783 0.999451792661925
6.42906000134925 0.145341294578797 0.989122279230741
6.55313848277758 0.266636374969015 0.963520824092724
6.68132815501084 0.387620755938778 0.921517833334966
6.81551756407166 0.507417671308013 0.861362543373979
6.95858149323918 0.625034485764283 0.780202130907271
7.06858347057703 0.706903584124704 0.706865369936562
