-1.5 0.0707372016677029
-1.41891891891892 0.151294194633117
-1.33783783783784 0.230857102906754
-1.25675675675676 0.308903155146726
-1.17567567567568 0.384919546575735
-1.09459459459459 0.458406808385827
-1.01351351351351 0.528882089518617
-0.932432432432432 0.595882329257911
-0.851351351351351 0.658967299789074
-0.77027027027027 0.717722498733887
-0.689189189189189 0.77176187265537
-0.608108108108108 0.820730353637671
-0.527027027027027 0.86430619227433
-0.445945945945946 0.902203071735908
-0.364864864864865 0.934171989026419
-0.283783783783784 0.960002891067697
-0.202702702702703 0.979526054861737
-0.121621621621622 0.99261320266259
-0.0405405405405406 0.999178344830537
0.0405405405405406 0.999178344830537
0.121621621621622 0.99261320266259
0.202702702702703 0.979526054861737
0.283783783783784 0.960002891067697
0.364864864864865 0.934171989026419
0.445945945945946 0.902203071735908
0.527027027027027 0.86430619227433
0.608108108108108 0.820730353637671
0.689189189189189 0.77176187265537
0.77027027027027 0.717722498733887
0.851351351351351 0.658967299789074
0.932432432432432 0.595882329257911
1.01351351351351 0.528882089518617
1.09459459459459 0.458406808385827
1.17567567567568 0.384919546575735
1.25675675675676 0.308903155146726
1.33783783783784 0.230857102906754
1.41891891891892 0.151294194633117
1.5 0.0707372016677029


-1.5 0.0782211182178017
-1.484375 0.0925705111456629
-1.46875 0.10697796297962
-1.453125 0.121438059047926
-1.4375 0.1359453147209
-1.421875 0.150494179835519
-1.40625 0.16507904322575
-1.390625 0.179694237353162
-1.375 0.194334043032113
-1.359375 0.208992694243547
-1.34375 0.223664383031206
-1.328125 0.238343264473841
-1.3125 0.25302346172676
-1.296875 0.267699071125842
-1.28125 0.282364167346936
-1.265625 0.297012808613345
-1.25 0.311639041943905
-1.234375 0.326236908433998
-1.21875 0.340800448561612
-1.203125 0.355323707510451
-1.1875 0.369800740501889
-1.171875 0.384225618127457
-1.15625 0.39859243167338
-1.140625 0.412895298428587
-1.125 0.4271283669675
-1.109375 0.441285822398822
-1.09375 0.45536189157144
-1.078125 0.469350848228543
-1.0625 0.483247018100963
-1.046875 0.497044783930755
-1.03125 0.510738590415994
-1.015625 0.524322949067814
-1 0.53779244297069
-0.984375 0.551141731437073
-0.96875 0.564365554547513
-0.953125 0.577458737567521
-0.9375 0.590416195232538
-0.921875 0.60323293589249
-0.90625 0.615904065507617
-0.890625 0.628424791487398
-0.875 0.64079042636465
-0.859375 0.652996391297076
-0.84375 0.66503821938883
-0.828125 0.676911558824931
-0.8125 0.688612175811678
-0.796875 0.700135957316558
-0.78125 0.711478913601493
-0.765625 0.722637180543673
-0.75 0.733607021738626
-0.734375 0.744384830380614
-0.71875 0.754967130915922
-0.703125 0.765350580465065
-0.6875 0.775531970010487
-0.671875 0.785508225346826
-0.65625 0.795276407791379
-0.640625 0.804833714652994
-0.625 0.814177479458186
-0.609375 0.823305171933891
-0.59375 0.832214397746903
-0.578125 0.840902898000677
-0.5625 0.849368548490823
-0.546875 0.857609358721296
-0.53125 0.865623470683942
-0.515625 0.873409157404739
-0.5 0.880964821260772
-0.484375 0.888288992072623
-0.46875 0.895380324977573
-0.453125 0.902237598089669
-0.4375 0.908859709953387
-0.421875 0.91524567679827
-0.40625 0.921394629602566
-0.390625 0.92730581097455
-0.375 0.93297857186077
-0.359375 0.938412368091109
-0.34375 0.94360675677107
-0.328125 0.948561392532272
-0.3125 0.953276023652616
-0.296875 0.957750488058091
-0.28125 0.9619847092186
-0.265625 0.965978691950621
-0.25 0.969732518139857
-0.234375 0.97324634239735
-0.21875 0.976520387662851
-0.203125 0.979554940769398
-0.1875 0.982350347983312
-0.171875 0.984907010533917
-0.15625 0.987225380147361
-0.140625 0.989305954599012
-0.125 0.99114927329881
-0.109375 0.992755912923947
-0.09375 0.994126483113123
-0.078125 0.995261622236421
-0.0625 0.996161993254682
-0.046875 0.996828279681971
-0.03125 0.997261181664395
-0.015625 0.997461412188246
0 0.997429693429972
0.015625 0.997166753260096
0.03125 0.996673321912721
0.046875 0.995950128831747
0.0625 0.994997899704406
0.078125 0.993817353692162
0.09375 0.992409200868434
0.109375 0.990774139872025
0.125 0.988912855784508
0.140625 0.986826018239223
0.15625 0.984514279768899
0.171875 0.981978274398319
0.1875 0.979218616487798
0.203125 0.976235899832678
0.21875 0.973030697023411
0.234375 0.969603559070265
0.25 0.965955015296109
0.265625 0.962085573500232
0.28125 0.957995720395629
0.296875 0.953685922321754
0.3125 0.949156626234279
0.328125 0.944408260973046
0.34375 0.939441238809004
0.359375 0.93425595727064
0.375 0.928852801250139
0.390625 0.923232145389244
0.40625 0.917394356744643
0.421875 0.911339797732499
0.4375 0.905068829351653
0.453125 0.89858181468493
0.46875 0.891879122677891
0.484375 0.884961132194376
0.5 0.877828236348109
0.515625 0.870480847109676
0.53125 0.862919400188119
0.546875 0.85514436018645
0.5625 0.847156226030299
0.578125 0.838955536668909
0.59375 0.830542877047635
0.609375 0.821918884350943
0.625 0.813084254514815
0.640625 0.804039749007215
0.65625 0.794786201875005
0.671875 0.785324527055352
0.6875 0.775655725949213
0.703125 0.765780895253949
0.71875 0.755701235051491
0.734375 0.745418057147676
0.75 0.734932793657549
0.765625 0.724247005830353
0.78125 0.713362393106809
0.796875 0.702280802399984
0.8125 0.691004237589603
0.828125 0.679534869218056
0.84375 0.667875044374617
0.859375 0.656027296752483
0.875 0.643994356861195
0.890625 0.631779162374799
0.90625 0.619384868593766
0.921875 0.606814858996217
0.9375 0.59407275585138
0.953125 0.581162430865497
0.96875 0.568088015827585
0.984375 0.554853913219509
1 0.541464806751897
1.015625 0.527925671784337
1.03125 0.514241785585281
1.046875 0.500418737383998
1.0625 0.486462438163841
1.078125 0.472379130143145
1.09375 0.458175395887091
1.109375 0.443858166991054
1.125 0.429434732273306
1.140625 0.414912745412329
1.15625 0.40030023196177
1.171875 0.385605595673884
1.1875 0.37083762406054
1.203125 0.356005493119316
1.21875 0.341118771151008
1.234375 0.326187421594064
1.25 0.311221804801002
1.265625 0.296232678681898
1.28125 0.28123119814045
1.296875 0.266228913229086
1.3125 0.251237765951044
1.328125 0.236270085639294
1.34375 0.221338582844764
1.359375 0.206456341669373
1.375 0.191636810483122
1.390625 0.176893790968715
1.40625 0.162241425442084
1.421875 0.147694182402654
1.4375 0.133266840273229
1.453125 0.118974469296054
1.46875 0.104832411558787
1.484375 0.0908562591318998
1.5 0.0770618303073503
