Eigenvalue Decomposition A=V*D*V^T
Random symmetric matrix A:
    -0.503     -0.779     -0.066      0.543      0.315 
    -0.779     -0.134     -0.292      0.888     -0.797 
    -0.066     -0.292      0.285     -0.943     -0.504 
     0.543      0.888     -0.943      -0.36       0.98 
     0.315     -0.797     -0.504       0.98      0.364 
Number of sweeps=6
V^T*A*V (should be diagonal):
    -2.163      0.000      0.000      0.000      0.000 
     0.000     -0.574      0.000      0.000      0.000 
     0.000      0.000     -0.533      0.000      0.000 
     0.000      0.000      0.000      1.082      0.000 
     0.000      0.000      0.000      0.000      1.840 
Eigenvalues (should equal the diagonal elements above):
     -2.16     -0.574     -0.533       1.08       1.84 
