0 9.86940348135712 9.86960440108936
1 39.4752029671572 39.4784176043574
2 88.8101661715527 88.8264396098042
3 157.862241247864 157.91367041743
4 246.614559732674 246.740110027234
5 355.045440666591 355.305758439217
6 483.128395890558 483.610615653379
7 630.832136516581 631.654681669719
8 798.120580571132 799.437956488238
9 984.952861809513 986.960440108936
10 1191.28333969891 1194.22213253181
11 1417.0616105677 1421.22303375687
12 1662.23251991841 1667.9631437841
13 1926.73617590115 1934.44246261351
14 2210.50796394447 2220.66099024511
15 2513.47856253962 2526.61872667888
16 2835.57396017503 2852.31567191482
17 3176.71547341616 3197.75182595295
18 3536.8197661268 3562.92718879326
19 3915.79886982696 3947.84176043574
20 4313.56020518234 4352.49554088041
21 4730.00660462017 4776.88853012725
22 5165.03633606585 5221.02072817627
23 5618.5431277948 5684.89213502747
24 6090.41619439306 6168.50275068085
25 6580.54026382066 6671.85257513641
26 7088.79560557099 7194.94160839414
27 7615.05805991939 7737.76985045406
28 8159.1990682534 8300.33730131615
29 8721.08570447804 8882.64396098042


0 0
0.00497512437810945 0.0221029953071046
0.00995024875621891 0.0442005909036898
0.0149253731343284 0.0662873894810571
0.0199004975124378 0.0883579949654199
0.0248756218905473 0.110407015415738
0.0298507462686567 0.1324290647253
0.0348258706467662 0.15441876380679
0.0398009950248756 0.176370740778893
0.0447761194029851 0.198279633029692
0.0497512437810945 0.220140087555131
0.054726368159204 0.241946765268118
0.0597014925373134 0.263694338774548
0.0646766169154229 0.285377495271358
0.0696517412935323 0.306990937944939
0.0746268656716418 0.328529387731622
0.0796019900497512 0.349987581611951
0.0845771144278607 0.37136027823015
0.0895522388059701 0.3926422565608
0.0945273631840796 0.413828318519558
0.0995024875621891 0.434913287993202
0.104477611940299 0.455892013854675
0.109452736318408 0.476759371115082
0.114427860696517 0.497510263356903
0.119402985074627 0.518139620522423
0.124378109452736 0.538642403441671
0.129353233830846 0.559013603763842
0.134328358208955 0.57924824462782
0.139303482587065 0.599341382568938
0.144278606965174 0.619288110066268
0.149253731343284 0.63908355446193
0.154228855721393 0.658722879691266
0.159203980099502 0.678201287679403
0.164179104477612 0.697514020039642
0.169154228855721 0.716656360010552
0.174129353233831 0.735623630834719
0.17910447761194 0.754411198774329
0.18407960199005 0.773014474565389
0.189054726368159 0.791428914007018
0.194029850746269 0.809650017545015
0.199004975124378 0.827673335109533
0.203980099502488 0.845494463714077
0.208955223880597 0.863109050270475
0.213930348258706 0.880512790692996
0.218905472636816 0.897701433900442
0.223880597014925 0.914670780869957
0.228855721393035 0.931416687395867
0.233830845771144 0.947935061092247
0.238805970149254 0.964221867780365
0.243781094527363 0.980273128218166
0.248756218905473 0.99608492148455
0.253731343283582 1.01165338448659
0.258706467661692 1.02697471567913
0.263681592039801 1.04204517089876
0.26865671641791 1.05686106901628
0.27363184079602 1.07141878986643
0.278606965174129 1.08571477843188
0.283582089552239 1.09974554218337
0.288557213930348 1.11350765356259
0.293532338308458 1.12699774976052
0.298507462686567 1.14021253671781
0.303482587064677 1.15314878512617
0.308457711442786 1.16580333513988
0.313432835820896 1.17817309579613
0.318407960199005 1.19025504571167
0.323383084577114 1.20204623236443
0.328358208955224 1.21354377561043
0.333333333333333 1.22474486666411
0.338308457711443 1.23564677022364
0.343283582089552 1.24624682260103
0.348258706467662 1.25654243377122
0.353233830845771 1.26653108901989
0.358208955223881 1.27621034846817
0.36318407960199 1.28557784707174
0.368159203980099 1.29463129722837
0.373134328358209 1.30336848741713
0.378109452736318 1.31178728232907
0.383084577114428 1.31988562550862
0.388059701492537 1.32766153891847
0.393034825870647 1.33511312351621
0.398009950248756 1.3422385587483
0.402985074626866 1.34903610333857
0.407960199004975 1.35550409682916
0.412935323383085 1.36164096003997
0.417910447761194 1.3674451929189
0.422885572139304 1.37291537789413
0.427860696517413 1.37805017921076
0.432835820895522 1.38284834198505
0.437810945273632 1.38730869354674
0.442786069651741 1.39143014483664
0.447761194029851 1.39521168932716
0.45273631840796 1.3986524035252
0.45771144278607 1.40175144610373
0.462686567164179 1.40450805973163
0.467661691542289 1.40692157181324
0.472636815920398 1.4089913925615
0.477611940298507 1.41071701613387
0.482587064676617 1.41209802149251
0.487562189054726 1.41313407104483
0.492537313432836 1.41382491085494
0.497512437810945 1.41417037296893
0.502487562189055 1.41417037315271
0.507462686567164 1.41382491164688
0.512437810945274 1.41313407198835
0.517412935323383 1.41209802293563
0.522388059701492 1.4107170178625
0.527363184079602 1.40899139487615
0.532338308457711 1.40692157420997
0.537313432835821 1.40450806256012
0.54228855721393 1.40175144912668
0.54726368159204 1.39865240709491
0.552238805970149 1.39521169297106
0.557213930348259 1.39143014872737
0.562189054726368 1.3873086974123
0.567164179104478 1.38284834628542
0.572139303482587 1.37805018358835
0.577114427860697 1.37291538253478
0.582089552238806 1.36744519743189
0.587064676616915 1.36164096494368
0.592039800995025 1.35550410189582
0.597014925373134 1.34903610875811
0.601990049751244 1.34223856412173
0.606965174129353 1.33511312928696
0.611940298507463 1.32766154488129
0.616915422885572 1.31988563193587
0.621890547263682 1.31178728864623
0.626865671641791 1.3033684938769
0.631840796019901 1.29463130371812
0.63681592039801 1.285577853959
0.641791044776119 1.27621035525419
0.646766169154229 1.26653109585993
0.651741293532338 1.25654244049342
0.656716417910448 1.24624682964048
0.661691542288557 1.23564677721978
0.666666666666667 1.22474487371646
0.671641791044776 1.21354378237306
0.676616915422886 1.20204623935234
0.681592039800995 1.1902550527155
0.686567164179104 1.1781731029917
0.691542288557214 1.1658033421728
0.696517412935323 1.1531487924571
0.701492537313433 1.14021254425568
0.706467661691542 1.12699775773181
0.711442786069652 1.11350766151315
0.716417910447761 1.09974555041341
0.721393034825871 1.0857147868307
0.72636815920398 1.07141879867871
0.73134328358209 1.0568610778778
0.736318407960199 1.04204517998852
0.741293532338308 1.02697472477047
0.746268656716418 1.0116533938478
0.751243781094527 0.996084930815796
0.756218905472637 0.980273137675399
0.761194029850746 0.96422187702199
0.766169154228856 0.947935070567378
0.771144278606965 0.931416696979598
0.776119402985075 0.91467079065715
0.781094527363184 0.89770144349259
0.786069651741294 0.880512800489991
0.791044776119403 0.863109060198397
0.796019900497512 0.845494473809636
0.800995024875622 0.827673344960719
0.805970149253731 0.809650027447748
0.810945273631841 0.79142892391821
0.81592039800995 0.77301448450728
0.82089552238806 0.754411208347524
0.825870646766169 0.735623640271004
0.830845771144279 0.716656369243232
0.835820895522388 0.697514029261263
0.840796019900497 0.678201296559951
0.845771144278607 0.658722888216441
0.850746268656716 0.639083562446743
0.855721393034826 0.619288117858278
0.860696517412935 0.59934139006542
0.865671641791045 0.579248251733051
0.870646766169154 0.559013610236324
0.875621890547264 0.538642409499146
0.880597014925373 0.518139626078968
0.885572139303483 0.497510268512811
0.890547263681592 0.476759375742968
0.895522388059702 0.455892018141086
0.900497512437811 0.434913291886806
0.90547263681592 0.413828322179368
0.91044776119403 0.392642259749234
0.915422885572139 0.371360281025609
0.920398009950249 0.349987584023276
0.925373134328358 0.328529389995579
0.930348258706468 0.306990940032425
0.935323383084577 0.285377497169181
0.940298507462687 0.263694340392886
0.945273631840796 0.241946766808433
0.950248756218905 0.220140089033833
0.955223880597015 0.198279634411353
0.960199004975124 0.176370741928883
0.965174129353234 0.154418764856301
0.970149253731343 0.13242906569368
0.975124378109453 0.110407016314708
0.980099502487562 0.0883579956217193
0.985074626865672 0.0662873899059954
0.990049751243781 0.0442005912570233
0.995024875621891 0.0221029955415807
1 0

0 0
0.00497512437810945 0.0442005913546444
0.00995024875621891 0.0883579953486771
0.0149253731343284 0.132429064215282
0.0199004975124378 0.176370740743562
0.0248756218905473 0.220140087384881
0.0298507462686567 0.263694338799761
0.0348258706467662 0.306990937663079
0.0398009950248756 0.349987581444451
0.0447761194029851 0.392642256980656
0.0497512437810945 0.43491328724409
0.054726368159204 0.476759371226788
0.0597014925373134 0.5181396217295
0.0646766169154229 0.559013604235118
0.0696517412935323 0.599341382743609
0.0746268656716418 0.639083555166041
0.0796019900497512 0.678201289068936
0.0845771144278607 0.716656361550813
0.0895522388059701 0.754411200094304
0.0945273631840796 0.791428916754822
0.0995024875621891 0.827673337143264
0.104477611940299 0.863109052804137
0.109452736318408 0.897701437425654
0.114427860696517 0.931416691319292
0.119402985074627 0.964221872220291
0.124378109452736 0.996084926354077
0.129353233830846 1.0269747205375
0.134328358208955 1.05686107445712
0.139303482587065 1.08571478630463
0.144278606965174 1.11350765975047
0.149253731343284 1.14021254387697
0.154228855721393 1.16580334401958
0.159203980099502 1.19025505390793
0.164179104477612 1.21354378403143
0.169154228855721 1.23564678109851
0.174129353233831 1.25654244387826
0.17910447761194 1.27621035853756
0.18407960199005 1.29463130804679
0.189054726368159 1.31178729344868
0.194029850746269 1.32766155093602
0.199004975124378 1.34223857009098
0.203980099502488 1.35550410877486
0.208955223880597 1.36744520453067
0.213930348258706 1.37805019137948
0.218905472636816 1.38730870516127
0.223880597014925 1.39521170179107
0.228855721393035 1.40175145758133
0.233830845771144 1.40692158346688
0.238805970149254 1.41071702673035
0.243781094527363 1.41313408160231
0.248756218905473 1.41417038455766
0.253731343283582 1.41382492138266
0.258706467661692 1.41209803203089
0.263681592039801 1.40899140407718
0.26865671641791 1.40450807156803
0.27363184079602 1.39865241464226
0.278606965174129 1.39143015776402
0.283582089552239 1.3828483535406
0.288557213930348 1.37291539004642
0.293532338308458 1.3616409716831
0.298507462686567 1.34903611479194
0.303482587064677 1.33511313557666
0.308457711442786 1.31988563750751
0.313432835820896 1.30336849750046
0.318407960199005 1.28557785767496
0.323383084577114 1.26653110020519
0.328358208955224 1.24624683208896
0.333333333333333 1.22474487625102
0.338308457711443 1.20204624155982
0.343283582089552 1.17817310456284
0.348258706467662 1.15314879182163
0.353233830845771 1.12699775785718
0.358208955223881 1.0997455491863
0.36318407960199 1.07141879626486
0.368159203980099 1.04204517629487
0.373134328358209 1.01165338982907
0.378109452736318 0.98027313276379
0.383084577114428 0.947935065588662
0.388059701492537 0.914670785263045
0.393034825870647 0.880512792973221
0.398009950248756 0.845494467124425
0.402985074626866 0.809650019942333
0.407960199004975 0.773014476057105
0.412935323383085 0.735623632603424
0.417910447761194 0.697514022540615
0.422885572139304 0.658722879441829
0.427860696517413 0.619288110568984
0.432835820895522 0.579248245664194
0.437810945273632 0.538642404185943
0.442786069651741 0.497510263056753
0.447761194029851 0.455892014314564
0.45273631840796 0.413828318829661
0.45771144278607 0.371360277455415
0.462686567164179 0.328529388331053
0.467661691542289 0.285377495405471
0.472636815920398 0.241946765552028
0.477611940298507 0.198279633132877
0.482587064676617 0.15441876429402
0.487562189054726 0.110407015373509
0.492537313432836 0.0662873912344693
0.497512437810945 0.0221029961862743
0.502487562189055 -0.0221029955820277
0.507462686567164 -0.0662873880374846
0.512437810945274 -0.110407014127162
0.517412935323383 -0.154418763348055
0.522388059701492 -0.198279631184516
0.527363184079602 -0.241946763117467
0.532338308457711 -0.285377494361965
0.537313432835821 -0.328529385819266
0.54228855721393 -0.371360276337622
0.54726368159204 -0.413828316097045
0.552238805970149 -0.455892011991808
0.557213930348259 -0.497510261921729
0.562189054726368 -0.538642401854709
0.567164179104478 -0.579248242442911
0.572139303482587 -0.619288108629758
0.577114427860697 -0.658722877867752
0.582089552238806 -0.697514018616399
0.587064676616915 -0.735623629874778
0.592039800995025 -0.773014473388949
0.597014925373134 -0.809650017129666
0.601990049751244 -0.845494462455018
0.606965174129353 -0.880512789701518
0.611940298507463 -0.914670781380308
0.616915422885572 -0.947935061320677
0.621890547263682 -0.980273127642774
0.626865671641791 -1.01165338516495
0.631840796019901 -1.04204517181219
0.63681592039801 -1.07141879060309
0.641791044776119 -1.09974554363418
0.646766169154229 -1.12699775150334
0.651741293532338 -1.15314878709138
0.656716417910448 -1.17817309748701
0.661691542288557 -1.2020462342678
0.666666666666667 -1.22474487011652
0.671641791044776 -1.24624682568247
0.676616915422886 -1.2665310912374
0.681592039800995 -1.2855778504876
0.686567164179104 -1.30336849017884
0.691542288557214 -1.31988562847389
0.696517412935323 -1.33511312672924
0.701492537313433 -1.34903610566016
0.706467661691542 -1.36164096247744
0.711442786069652 -1.37291537984412
0.716417910447761 -1.38284834340323
0.721393034825871 -1.39143014620163
0.72636815920398 -1.39865240523948
0.73134328358209 -1.40450805944602
0.736318407960199 -1.4089913916268
0.741293532338308 -1.41209802111956
0.746268656716418 -1.41382490949152
0.751243781094527 -1.41417037119477
0.756218905472637 -1.41313406893478
0.761194029850746 -1.41071701479111
0.766169154228856 -1.40692156997527
0.771144278606965 -1.40175144408669
0.776119402985075 -1.39521168816526
0.781094527363184 -1.3873086923972
0.786069651741294 -1.37805017698043
0.791044776119403 -1.3674451906012
0.796019900497512 -1.35550409447351
0.800995024875622 -1.34223855688701
0.805970149253731 -1.32766153611565
0.810945273631841 -1.31178727888944
0.81592039800995 -1.29463129432604
0.82089552238806 -1.27621034455362
0.825870646766169 -1.25654242986995
0.830845771144279 -1.2356467659532
0.835820895522388 -1.21354377175344
0.840796019900497 -1.19025504019506
0.845771144278607 -1.16580332971055
0.850746268656716 -1.14021253109951
0.855721393034826 -1.1135076481057
0.860696517412935 -1.08571477275122
0.865671641791045 -1.05686106244279
0.870646766169154 -1.02697470921823
0.875621890547264 -0.99608491515422
0.880597014925373 -0.964221861541271
0.885572139303483 -0.931416680772051
0.890547263681592 -0.897701427625955
0.895522388059702 -0.863109043924735
0.900497512437811 -0.827673328438542
0.90547263681592 -0.791428906502538
0.91044776119403 -0.754411194043044
0.915422885572139 -0.716656353622532
0.920398009950249 -0.678201280766189
0.925373134328358 -0.639083549019607
0.930348258706468 -0.599341377199427
0.935323383084577 -0.559013597718599
0.940298507462687 -0.518139616006369
0.945273631840796 -0.476759366879705
0.950248756218905 -0.434913282601254
0.955223880597015 -0.392642253162826
0.960199004975124 -0.349987577316756
0.965174129353234 -0.306990934855159
0.970149253731343 -0.263694336492534
0.975124378109453 -0.220140085252734
0.980099502487562 -0.176370737782044
0.985074626865672 -0.132429064308978
0.990049751243781 -0.0883579943208429
0.995024875621891 -0.0442005902263167
1 0

0 0
0.00497512437810945 0.0662873896907329
0.00995024875621891 0.132429065299649
0.0149253731343284 0.198279633137306
0.0199004975124378 0.263694339351556
0.0248756218905473 0.3285293879534
0.0298507462686567 0.392642257731097
0.0348258706467662 0.455892014702064
0.0398009950248756 0.518139621584227
0.0447761194029851 0.579248246188414
0.0497512437810945 0.639083555810868
0.054726368159204 0.697514022562249
0.0597014925373134 0.754411201027312
0.0646766169154229 0.809650020935261
0.0696517412935323 0.863109053216598
0.0746268656716418 0.914670785697877
0.0796019900497512 0.964221872241301
0.0845771144278607 1.0116533902249
0.0895522388059701 1.05686107520748
0.0945273631840796 1.09974554861917
0.0995024875621891 1.140212544406
0.104477611940299 1.17817310372257
0.109452736318408 1.21354378468657
0.114427860696517 1.2462468309334
0.119402985074627 1.27621035836503
0.124378109452736 1.30336849634757
0.129353233830846 1.32766154906338
0.134328358208955 1.3490361127107
0.139303482587065 1.36744520212217
0.144278606965174 1.38284835113675
0.149253731343284 1.39521169773832
0.154228855721393 1.40450806826172
0.159203980099502 1.41071702288354
0.164179104477612 1.41382491773874
0.169154228855721 1.41382491609412
0.174129353233831 1.41071702284809
0.17910447761194 1.40450806506676
0.18407960199005 1.39521169570317
0.189054726368159 1.38284834716766
0.194029850746269 1.36744519774536
0.199004975124378 1.34903610778084
0.203980099502488 1.32766154264177
0.208955223880597 1.30336849026595
0.213930348258706 1.27621034999308
0.218905472636816 1.24624682372817
0.223880597014925 1.21354377471211
0.228855721393035 1.17817309491402
0.233830845771144 1.1402125336541
0.238805970149254 1.09974553824154
0.243781094527363 1.05686106358296
0.248756218905473 1.01165337857868
0.253731343283582 0.964221860211127
0.258706467661692 0.914670772637631
0.263681592039801 0.863109040555576
0.26865671641791 0.809650006814628
0.27363184079602 0.7544111874293
0.278606965174129 0.697514007826039
0.283582089552239 0.639083541543299
0.288557213930348 0.57924823063948
0.293532338308458 0.518139606527353
0.298507462686567 0.455891999039898
0.303482587064677 0.392642242243516
0.308457711442786 0.328529372053283
0.313432835820896 0.263694323903974
0.318407960199005 0.198279617239429
0.323383084577114 0.132429050067318
0.328358208955224 0.0662873741544134
0.333333333333333 -1.49218128656812E-08
0.338308457711443 -0.0662874050512357
0.343283582089552 -0.132429079748502
0.348258706467662 -0.198279647818911
0.353233830845771 -0.263694353636256
0.358208955223881 -0.328529401649242
0.36318407960199 -0.392642271840162
0.368159203980099 -0.455892027800454
0.373134328358209 -0.518139635456962
0.378109452736318 -0.579248258336944
0.383084577114428 -0.639083569565
0.388059701492537 -0.697514034359457
0.393034825870647 -0.754411213944328
0.398009950248756 -0.809650032393704
0.402985074626866 -0.863109065053223
0.407960199004975 -0.914670796848487
0.412935323383085 -0.964221882848517
0.417910447761194 -1.01165340130476
0.422885572139304 -1.05686108415801
0.427860696517413 -1.09974555927496
0.432835820895522 -1.1402125523304
0.437810945273632 -1.17817311356953
0.442786069651741 -1.21354379180981
0.447761194029851 -1.24624684004888
0.45273631840796 -1.27621036523042
0.45771144278607 -1.30336850427535
0.462686567164179 -1.32766155620107
0.467661691542289 -1.34903611942043
0.472636815920398 -1.36744520925798
0.477611940298507 -1.38284835677792
0.482587064676617 -1.39521170470397
0.487562189054726 -1.4045080728672
0.492537313432836 -1.41071702961188
0.497512437810945 -1.4138249220114
0.502487562189055 -1.41382492198862
0.507462686567164 -1.4107170272527
0.512437810945274 -1.40450807034167
0.517412935323383 -1.39521170010078
0.522388059701492 -1.3828483515139
0.527363184079602 -1.36744520238984
0.532338308457711 -1.34903611127568
0.537313432835821 -1.32766154720485
0.54228855721393 -1.30336849345278
0.54726368159204 -1.27621035408109
0.552238805970149 -1.24624682645329
0.557213930348259 -1.21354377833793
0.562189054726368 -1.17817309733996
0.567164179104478 -1.14021253650684
0.572139303482587 -1.09974554071955
0.577114427860697 -1.05686106604977
0.582089552238806 -1.01165338079629
0.587064676616915 -0.96422186258408
0.592039800995025 -0.914670774924382
0.597014925373134 -0.863109042969975
0.601990049751244 -0.809650009464963
0.606965174129353 -0.754411190495937
0.611940298507463 -0.697514010889008
0.616915422885572 -0.639083545107854
0.621890547263682 -0.579248234353263
0.626865671641791 -0.518139610029819
0.631840796019901 -0.455892003300378
0.63681592039801 -0.392642246025486
0.641791044776119 -0.328529376808702
0.646766169154229 -0.263694327664173
0.651741293532338 -0.19827962267522
0.656716417910448 -0.1324290541463
0.661691542288557 -0.0662873799028987
0.666666666666667 1.00049870229565E-08
0.671641791044776 0.066287399240946
0.676616915422886 0.132429074095989
0.681592039800995 0.198279641701125
0.686567164179104 0.263694346532011
0.691542288557214 0.328529395320064
0.696517412935323 0.392642263062812
0.701492537313433 0.45589202031875
0.706467661691542 0.518139625083208
0.711442786069652 0.579248249434194
0.716417910447761 0.639083557791869
0.721393034825871 0.697514023774058
0.72636815920398 0.754411201308334
0.73134328358209 0.809650019744248
0.736318407960199 0.863109051908221
0.741293532338308 0.914670782448846
0.746268656716418 0.964221869290482
0.751243781094527 1.01165338561217
0.756218905472637 1.05686107020909
0.761194029850746 1.09974554253118
0.766169154228856 1.14021253785453
0.771144278606965 1.17817309644344
0.776119402985075 1.21354377594377
0.781094527363184 1.24624682264092
0.786069651741294 1.27621034835554
0.791044776119403 1.30336848665098
0.796019900497512 1.32766153804719
0.800995024875622 1.34903610209919
0.805970149253731 1.36744519052617
0.810945273631841 1.3828483394671
0.81592039800995 1.39521168621272
0.82089552238806 1.40450805605407
0.825870646766169 1.41071701165698
0.830845771144279 1.41382490562235
0.835820895522388 1.41382490518844
0.840796019900497 1.41071701136427
0.845771144278607 1.40450805509443
0.850746268656716 1.39521168560976
0.855721393034826 1.38284833794856
0.860696517412935 1.36744518940957
0.865671641791045 1.34903609970911
0.870646766169154 1.32766153624123
0.875621890547264 1.30336848417613
0.880597014925373 1.27621034601365
0.885572139303483 1.24624681984202
0.890547263681592 1.21354377275479
0.895522388059702 1.17817309333212
0.900497512437811 1.14021253319514
0.90547263681592 1.09974553914092
0.91044776119403 1.05686106495802
0.915422885572139 1.0116533815416
0.920398009950249 0.964221863292316
0.925373134328358 0.914670777880676
0.930348258706468 0.863109045403866
0.935323383084577 0.809650013426763
0.940298507462687 0.754411194355007
0.945273631840796 0.697514015807415
0.950248756218905 0.639083550369898
0.955223880597015 0.579248239972854
0.960199004975124 0.518139617143233
0.965174129353234 0.455892009484801
0.970149253731343 0.392642254548835
0.975124378109453 0.328529383919563
0.980099502487562 0.263694337109748
0.985074626865672 0.198279630620368
0.990049751243781 0.132429064247571
0.995024875621891 0.0662873888707897
1 0

0 0
0.00497512437810945 0.0883579943410311
0.00995024875621891 0.176370738975139
0.0149253731343284 0.263694336747089
0.0199004975124378 0.349987578736044
0.0248756218905473 0.434913283423993
0.0298507462686567 0.518139616668506
0.0348258706467662 0.59934137906042
0.0398009950248756 0.678201283367387
0.0447761194029851 0.754411194372773
0.0497512437810945 0.827673331459431
0.054726368159204 0.897701429368071
0.0597014925373134 0.964221865000761
0.0646766169154229 1.02697471419808
0.0696517412935323 1.08571477589703
0.0746268656716418 1.14021253487748
0.0796019900497512 1.19025504402824
0.0845771144278607 1.23564677063339
0.0895522388059701 1.27621034860066
0.0945273631840796 1.31178728323055
0.0995024875621891 1.34223855721655
0.104477611940299 1.3674451931863
0.109452736318408 1.38730869406635
0.114427860696517 1.40175144515289
0.119402985074627 1.41071701574728
0.124378109452736 1.41417037046446
0.129353233830846 1.41209801973421
0.134328358208955 1.4045080584125
0.139303482587065 1.39143014565143
0.144278606965174 1.37291537646127
0.149253731343284 1.34903610244544
0.154228855721393 1.31988562450549
0.159203980099502 1.28557784501709
0.164179104477612 1.24624682087338
0.169154228855721 1.20204622846967
0.174129353233831 1.153148781313
0.17910447761194 1.09974553731729
0.18407960199005 1.04204516606535
0.189054726368159 0.980273120528873
0.194029850746269 0.914670774427276
0.199004975124378 0.845494456977777
0.203980099502488 0.773014466111847
0.208955223880597 0.697514013037507
0.213930348258706 0.61928810080804
0.218905472636816 0.538642395191259
0.223880597014925 0.455892005320422
0.228855721393035 0.371360271973305
0.233830845771144 0.285377486980439
0.238805970149254 0.198279625937548
0.243781094527363 0.110407008615642
0.248756218905473 0.0221029894102065
0.253731343283582 -0.0662873933153633
0.258706467661692 -0.154418768893002
0.263681592039801 -0.24194676981951
0.26865671641791 -0.328529391122789
0.27363184079602 -0.41382832068068
0.278606965174129 -0.497510265803635
0.283582089552239 -0.579248245806673
0.288557213930348 -0.658722881520356
0.293532338308458 -0.735623633636535
0.298507462686567 -0.809650018523176
0.303482587064677 -0.88051279257771
0.308457711442786 -0.947935063542693
0.313432835820896 -1.01165338811399
0.318407960199005 -1.07141879305066
0.323383084577114 -1.12699775410977
0.328358208955224 -1.17817309958617
0.333333333333333 -1.22474487183441
0.338308457711443 -1.26653109430607
0.343283582089552 -1.30336849152847
0.348258706467662 -1.33511312849839
0.353233830845771 -1.36164096512835
0.358208955223881 -1.38284834572992
0.36318407960199 -1.3986524066448
0.368159203980099 -1.40899139508544
0.373134328358209 -1.41382491143707
0.378109452736318 -1.41313407235098
0.383084577114428 -1.40692157364157
0.388059701492537 -1.39521169025242
0.393034825870647 -1.37805017916957
0.398009950248756 -1.35550409774526
0.402985074626866 -1.32766153885779
0.407960199004975 -1.29463129715274
0.412935323383085 -1.25654243163958
0.417910447761194 -1.21354377099449
0.422885572139304 -1.16580333101976
0.427860696517413 -1.11350764823717
0.432835820895522 -1.05686106223272
0.437810945273632 -0.996084912896542
0.442786069651741 -0.931416678313622
0.447761194029851 -0.863109038913863
0.45273631840796 -0.791428903510382
0.45771144278607 -0.716656349090126
0.462686567164179 -0.639083541372746
0.467661691542289 -0.55901359090378
0.472636815920398 -0.476759358268354
0.477611940298507 -0.392642244308664
0.482587064676617 -0.306990925108395
0.487562189054726 -0.220140075620219
0.492537313432836 -0.132429051565689
0.497512437810945 -0.0442005796658458
0.502487562189055 0.0442006028023276
0.507462686567164 0.132429077451724
0.512437810945274 0.220140098174274
0.517412935323383 0.30699094911415
0.522388059701492 0.392642266858544
0.527363184079602 0.476759382031676
0.532338308457711 0.559013612854882
0.537313432835821 0.639083565481013
0.54228855721393 0.71665636851039
0.54726368159204 0.791428922779812
0.552238805970149 0.863109060141437
0.557213930348259 0.931416696936644
0.562189054726368 0.996084931472631
0.567164179104478 1.05686107788134
0.572139303482587 1.11350766280044
0.577114427860697 1.16580334510572
0.582089552238806 1.21354378735425
0.587064676616915 1.25654244370592
0.592039800995025 1.29463130713133
0.597014925373134 1.3276615493678
0.601990049751244 1.35550410607962
0.606965174129353 1.37805018958357
0.611940298507463 1.39521169828439
0.616915422885572 1.40692157922898
0.621890547263682 1.41313407565033
0.626865671641791 1.41382491719585
0.631840796019901 1.40899139741732
0.63681592039801 1.39865240877604
0.641791044776119 1.38284834621142
0.646766169154229 1.36164096310425
0.651741293532338 1.33511312680955
0.656716417910448 1.30336848941877
0.661691542288557 1.2665310895955
0.666666666666667 1.22474486597791
0.671641791044776 1.17817309468841
0.676616915422886 1.12699774565751
0.681592039800995 1.07141878515686
0.686567164179104 1.0116533788303
0.691542288557214 0.947935053532337
0.696517412935323 0.880512782819482
0.701492537313433 0.809650009421988
0.706467661691542 0.735623620926232
0.711442786069652 0.658722869194052
0.716417910447761 0.57924823529607
0.721393034825871 0.497510253708511
0.72636815920398 0.413828309615934
0.73134328358209 0.328529377673588
0.736318407960199 0.241946755442185
0.741293532338308 0.154418755707476
0.746268656716418 0.0662873823852968
0.751243781094527 -0.0221030034121151
0.756218905472637 -0.110407023425011
0.761194029850746 -0.198279640105592
0.766169154228856 -0.285377502952781
0.771144278606965 -0.371360283534756
0.776119402985075 -0.455892019479032
0.781094527363184 -0.538642410042344
0.786069651741294 -0.619288117007043
0.791044776119403 -0.697514025420981
0.796019900497512 -0.77301448091969
0.800995024875622 -0.845494469942352
0.805970149253731 -0.914670788194666
0.810945273631841 -0.980273136524798
0.81592039800995 -1.04204517849447
0.82089552238806 -1.09974555138929
0.825870646766169 -1.15314879520266
0.830845771144279 -1.20204624339429
0.835820895522388 -1.24624683352978
0.840796019900497 -1.28557786071001
0.845771144278607 -1.31988563833356
0.850746268656716 -1.34903611719515
0.855721393034826 -1.3729153929924
0.860696517412935 -1.39143015855828
0.865671641791045 -1.40450807377318
0.870646766169154 -1.4120980359692
0.875621890547264 -1.41417038774845
0.880597014925373 -1.4107170308858
0.885572139303483 -1.40175146198769
0.890547263681592 -1.38730870912415
0.895522388059702 -1.36744520994348
0.900497512437811 -1.34223857636843
0.90547263681592 -1.31178729768271
0.91044776119403 -1.27621036374456
0.915422885572139 -1.23564678487408
0.920398009950249 -1.1902550601727
0.925373134328358 -1.14021254943734
0.930348258706468 -1.08571479135132
0.935323383084577 -1.02697472451534
0.940298507462687 -0.964221876625173
0.945273631840796 -0.897701442403137
0.950248756218905 -0.827673342370944
0.955223880597015 -0.754411204369099
0.960199004975124 -0.678201291756992
0.965174129353234 -0.599341386104283
0.970149253731343 -0.518139623545884
0.975124378109453 -0.434913291250893
0.980099502487562 -0.349987582242985
0.985074626865672 -0.263694340068029
0.990049751243781 -0.176370741912228
0.995024875621891 -0.0883579950737732
1 0

0 0
0.00497512437810945 0.110407015119067
0.00995024875621891 0.220140087442912
0.0149253731343284 0.328529384933122
0.0199004975124378 0.434913286664813
0.0248756218905473 0.538642403499489
0.0298507462686567 0.639083554228553
0.0348258706467662 0.735623630167427
0.0398009950248756 0.827673334625204
0.0447761194029851 0.914670778321456
0.0497512437810945 0.996084921203464
0.054726368159204 1.0714187909066
0.0597014925373134 1.14021253835571
0.0646766169154229 1.20204623272509
0.0696517412935323 1.25654243476511
0.0746268656716418 1.30336849107317
0.0796019900497512 1.34223856514668
0.0845771144278607 1.37291538877883
0.0895522388059701 1.39521169871089
0.0945273631840796 1.40899139904349
0.0995024875621891 1.41417037606599
0.104477611940299 1.410717021253
0.109452736318408 1.39865240620964
0.114427860696517 1.37805018307796
0.119402985074627 1.34903610518697
0.124378109452736 1.31178728138308
0.129353233830846 1.26653108978123
0.134328358208955 1.21354377948504
0.139303482587065 1.15314879104448
0.144278606965174 1.08571478215232
0.149253731343284 1.01165339061492
0.154228855721393 0.931416688809765
0.159203980099502 0.845494463765266
0.164179104477612 0.754411196956066
0.169154228855721 0.658722874958985
0.174129353233831 0.55901359782849
0.17910447761194 0.455892008689264
0.18407960199005 0.349987576836958
0.189054726368159 0.241946761126749
0.194029850746269 0.132429063977656
0.199004975124378 0.0221029948346648
0.203980099502488 -0.0883579925561893
0.208955223880597 -0.198279628203484
0.213930348258706 -0.306990934032748
0.218905472636816 -0.413828317170846
0.223880597014925 -0.518139619487105
0.228855721393035 -0.619288109766748
0.233830845771144 -0.71665636036417
0.238805970149254 -0.809650017627625
0.243781094527363 -0.897701434966654
0.248756218905473 -0.980273131159231
0.253731343283582 -1.05686106981797
0.258706467661692 -1.12699775406164
0.263681592039801 -1.19025504896861
0.26865671641791 -1.24624682305305
0.27363184079602 -1.2946313018426
0.278606965174129 -1.33511312855539
0.283582089552239 -1.36744519958203
0.288557213930348 -1.39143015112559
0.293532338308458 -1.40692157669157
0.298507462686567 -1.41382491272178
0.303482587064677 -1.41209802427067
0.308457711442786 -1.40175145033071
0.313432835820896 -1.38284834968062
0.318407960199005 -1.35550410309925
0.323383084577114 -1.31988563015812
0.328358208955224 -1.2762103549426
0.333333333333333 -1.22474486996254
0.338308457711443 -1.16580334093806
0.343283582089552 -1.09974554426946
0.348258706467662 -1.02697471341927
0.353233830845771 -0.947935058657784
0.358208955223881 -0.86310904596771
0.36318407960199 -0.773014468617101
0.368159203980099 -0.678201283800625
0.373134328358209 -0.579248242600176
0.378109452736318 -0.476759371388368
0.383084577114428 -0.371360278876898
0.388059701492537 -0.263694340389315
0.393034825870647 -0.154418766659152
0.398009950248756 -0.0442005895132701
0.402985074626866 0.0662873897560578
0.407960199004975 0.176370741115432
0.412935323383085 0.285377498064575
0.417910447761194 0.392642258884092
0.422885572139304 0.497510265288233
0.427860696517413 0.599341385993955
0.432835820895522 0.697514017606282
0.437810945273632 0.791428909449177
0.442786069651741 0.880512787106802
0.447761194029851 0.964221863411547
0.45273631840796 1.04204517028177
0.45771144278607 1.11350765574054
0.462686567164179 1.17817309871058
0.467661691542289 1.2356467720428
0.472636815920398 1.28557785472935
0.477611940298507 1.32766154863159
0.482587064676617 1.3616409690805
0.487562189054726 1.38730870158416
0.492537313432836 1.40450806328182
0.497512437810945 1.4131340709429
0.502487562189055 1.41313407313539
0.507462686567164 1.40450806115315
0.512437810945274 1.38730869635577
0.517412935323383 1.36164096404772
0.522388059701492 1.32766154088133
0.527363184079602 1.28557785227022
0.532338308457711 1.23564677507363
0.537313432835821 1.17817309902969
0.54228855721393 1.11350765530812
0.54726368159204 1.04204517107167
0.552238805970149 0.964221865662198
0.557213930348259 0.88051279066828
0.562189054726368 0.791428908973109
0.567164179104478 0.697514015570446
0.572139303482587 0.599341380037341
0.577114427860697 0.497510259892969
0.582089552238806 0.392642255173195
0.587064676616915 0.285377491858567
0.592039800995025 0.176370737758514
0.597014925373134 0.0662873826564365
0.601990049751244 -0.0442005930552904
0.606965174129353 -0.154418763367024
0.611940298507463 -0.263694337913449
0.616915422885572 -0.37136027693158
0.621890547263682 -0.47675937091393
0.626865671641791 -0.57924824346861
0.631840796019901 -0.678201284411885
0.63681592039801 -0.773014471142087
0.641791044776119 -0.863109051750916
0.646766169154229 -0.947935064200035
0.651741293532338 -1.02697472277487
0.656716417910448 -1.09974554852229
0.661691542288557 -1.16580334096576
0.666666666666667 -1.22474487325126
0.671641791044776 -1.27621035224533
0.676616915422886 -1.31988563132064
0.681592039800995 -1.35550410168906
0.686567164179104 -1.38284834321857
0.691542288557214 -1.40175145003224
0.696517412935323 -1.41209802414304
0.701492537313433 -1.41382491409808
0.706467661691542 -1.40692157936775
0.711442786069652 -1.39143015550489
0.716417910447761 -1.36744520401677
0.721393034825871 -1.33511313135559
0.72636815920398 -1.29463130604777
0.73134328358209 -1.24624682716938
0.736318407960199 -1.19025504673444
0.741293532338308 -1.12699774962487
0.746268656716418 -1.05686106830581
0.751243781094527 -0.980273123105157
0.756218905472637 -0.89770143341824
0.761194029850746 -0.809650017181126
0.766169154228856 -0.716656356253659
0.771144278606965 -0.619288113714968
0.776119402985075 -0.518139620946882
0.781094527363184 -0.41382832038682
0.786069651741294 -0.306990938925357
0.791044776119403 -0.198279630388251
0.796019900497512 -0.0883579905854831
0.800995024875622 0.0221029975800218
0.805970149253731 0.132429065728901
0.810945273631841 0.241946765223653
0.81592039800995 0.349987581176823
0.82089552238806 0.455892016108342
0.825870646766169 0.559013601587528
0.830845771144279 0.658722878479104
0.835820895522388 0.754411198610432
0.840796019900497 0.845494461554855
0.845771144278607 0.931416687688311
0.850746268656716 1.01165339062612
0.855721393034826 1.08571478231018
0.860696517412935 1.15314878801235
0.865671641791045 1.21354378176442
0.870646766169154 1.26653109408667
0.875621890547264 1.31178728887181
0.880597014925373 1.349036115304
0.885572139303483 1.37805018846825
0.890547263681592 1.39865241199083
0.895522388059702 1.41071702546279
0.900497512437811 1.4141703801438
0.90547263681592 1.40899140190076
0.91044776119403 1.39521169776679
0.915422885572139 1.37291538664163
0.920398009950249 1.34223856369917
0.925373134328358 1.30336849244963
0.930348258706468 1.2565424402653
0.935323383084577 1.20204623691509
0.940298507462687 1.14021253895742
0.945273631840796 1.07141879650771
0.950248756218905 0.996084929874455
0.955223880597015 0.914670784670445
0.960199004975124 0.827673339219889
0.965174129353234 0.735623632480419
0.970149253731343 0.639083553037731
0.975124378109453 0.538642400666916
0.980099502487562 0.434913287395775
0.985074626865672 0.328529382822746
0.990049751243781 0.220140080322096
0.995024875621891 0.110407013093041
1 0

