-3 -0.999977921766041
-2.99 -0.999976487738452
-2.98 -0.999974965255732
-2.97 -0.99997334919089
-2.96 -0.999971634140722
-2.95 -0.999969814412215
-2.94 -0.999967884008359
-2.93 -0.999965836613349
-2.92 -0.999963665577146
-2.91 -0.999961363899377
-2.9 -0.999958924212556
-2.89 -0.999956338764599
-2.88 -0.999953599400602
-2.87 -0.999950697543867
-2.86 -0.999947624176147
-2.85 -0.99994436981708
-2.84 -0.999940924502793
-2.83 -0.99993727776364
-2.82 -0.99993341860105
-2.81 -0.999929335463468
-2.8 -0.999925016221331
-2.79 -0.999920448141086
-2.78 -0.999915617858196
-2.77 -0.999910511349106
-2.76000000000001 -0.999905113902147
-2.75000000000001 -0.999899410087346
-2.74000000000001 -0.9998933837251
-2.73000000000001 -0.999887017853694
-2.72000000000001 -0.999880294695621
-2.71000000000001 -0.999873195622681
-2.70000000000001 -0.999865701119818
-2.69000000000001 -0.999857790747662
-2.68000000000001 -0.999849443103752
-2.67000000000001 -0.999840635782392
-2.66000000000001 -0.999831345333116
-2.65000000000001 -0.999821547217721
-2.64000000000001 -0.999811215765846
-2.63000000000001 -0.999800324129042
-2.62000000000001 -0.999788844233322
-2.61000000000001 -0.999776746730133
-2.60000000000001 -0.999764000945741
-2.59000000000001 -0.999750574828965
-2.58000000000001 -0.999736434897259
-2.57000000000001 -0.999721546181079
-2.56000000000001 -0.999705872166515
-2.55000000000001 -0.999689374736161
-2.54000000000001 -0.999672014108174
-2.53000000000001 -0.9996537487735
-2.52000000000001 -0.999634535431238
-2.51000000000001 -0.999614328922095
-2.50000000000001 -0.999593082159932
-2.49000000000001 -0.999570746061326
-2.48000000000001 -0.999547269473168
-2.47000000000001 -0.999522599098236
-2.46000000000001 -0.999496679418725
-2.45000000000001 -0.999469452617716
-2.44000000000001 -0.999440858498547
-2.43000000000001 -0.99941137076524
-2.42000000000001 -0.999379829970218
-2.41000000000001 -0.99934672688376
-2.40000000000001 -0.999311990920646
-2.39000000000001 -0.999275548681117
-2.38000000000001 -0.999237073308052
-2.37000000000001 -0.999196993688036
-2.36000000000001 -0.999154969668219
-2.35000000000001 -0.99911091562934
-2.34000000000001 -0.999064742647455
-2.33000000000001 -0.999016358389142
-2.32000000000001 -0.998965667004461
-2.31000000000001 -0.998912569017665
-2.30000000000001 -0.99885696121566
-2.29000000000002 -0.998798736534244
-2.28000000000002 -0.998737783942105
-2.27000000000002 -0.99867398832262
-2.26000000000002 -0.998607230353449
-2.25000000000002 -0.998537386383964
-2.24000000000002 -0.998464328310519
-2.23000000000002 -0.998387923449609
-2.22000000000002 -0.998308034408925
-2.21000000000002 -0.998224518956372
-2.20000000000002 -0.998137229887054
-2.19000000000002 -0.998046014888304
-2.18000000000002 -0.997950716402786
-2.17000000000002 -0.997851171489731
-2.16000000000002 -0.997747211684362
-2.15000000000002 -0.997638662855571
-2.14000000000002 -0.997525345061922
-2.13000000000002 -0.997407072406043
-2.12000000000002 -0.997283652887491
-2.11000000000002 -0.997154888254169
-2.10000000000002 -0.997020573852392
-2.09000000000002 -0.996880498475691
-2.08000000000002 -0.996734444212445
-2.07000000000002 -0.996582186292471
-2.06000000000002 -0.996423492932657
-2.05000000000002 -0.99626128320566
-2.04000000000002 -0.996088959403772
-2.03000000000002 -0.995909459106066
-2.02000000000002 -0.995722521001963
-2.01000000000002 -0.99552787598783
-2.00000000000002 -0.995325247009472
-1.99000000000002 -0.995114348904631
-1.98000000000002 -0.994894888245641
-1.97000000000002 -0.994663741579556
-1.96000000000002 -0.99442629127081
-1.95000000000002 -0.994179348343748
-1.94000000000002 -0.993922584654314
-1.93000000000002 -0.993655663014575
-1.92000000000002 -0.993378237040257
-1.91000000000002 -0.993089950999752
-1.90000000000002 -0.992790439664812
-1.89000000000002 -0.992479328163138
-1.88000000000002 -0.992156231833094
-1.87000000000002 -0.991820756080773
-1.86000000000002 -0.991472496239663
-1.85000000000002 -0.99111103743314
-1.84000000000002 -0.99073595444004
-1.83000000000002 -0.99034681156358
-1.82000000000002 -0.989943162503858
-1.81000000000002 -0.989524550234231
-1.80000000000002 -0.98909050688181
-1.79000000000002 -0.98864055361237
-1.78000000000002 -0.988174200519943
-1.77000000000002 -0.987690946521381
-1.76000000000002 -0.987190279256183
-1.75000000000002 -0.98667167499187
-1.74000000000002 -0.986134598535216
-1.73000000000002 -0.985578503149621
-1.72000000000002 -0.985002830478949
-1.71000000000002 -0.984407010478117
-1.70000000000002 -0.983790461350761
-1.69000000000002 -0.983152589494279
-1.68000000000002 -0.982492789452575
-1.67000000000002 -0.98181044387681
-1.66000000000002 -0.981104923494475
-1.65000000000002 -0.980375587087115
-1.64000000000002 -0.979621781477008
-1.63000000000002 -0.978842841523124
-1.62000000000002 -0.978038090126675
-1.61000000000002 -0.977206838246574
-1.60000000000002 -0.976348384925118
-1.59000000000002 -0.975462017324201
-1.58000000000002 -0.974547010772372
-1.57000000000002 -0.973602628823046
-1.56000000000002 -0.972628123324151
-1.55000000000002 -0.971622734499546
-1.54000000000002 -0.970585691042456
-1.53000000000002 -0.969516210221257
-1.52000000000002 -0.968413497997865
-1.51000000000002 -0.967276749159006
-1.50000000000002 -0.966105147460654
-1.49000000000002 -0.964897865785877
-1.48000000000002 -0.963654066316355
-1.47000000000002 -0.962372900717809
-1.46000000000002 -0.961053510339581
-1.45000000000002 -0.959695026428574
-1.44000000000002 -0.958296570357791
-1.43000000000002 -0.956857253869644
-1.42000000000002 -0.955376179334251
-1.41000000000002 -0.953852440022871
-1.40000000000002 -0.952285120396669
-1.39000000000002 -0.950673296410938
-1.38000000000002 -0.949016035834922
-1.37000000000002 -0.947312398587364
-1.36000000000002 -0.945561437087879
-1.35000000000002 -0.943762196624237
-1.34000000000002 -0.941913715735637
-1.33000000000002 -0.940015026612015
-1.32000000000002 -0.938065155509434
-1.31000000000002 -0.936063123181558
-1.30000000000002 -0.934007945327221
-1.29000000000002 -0.931898633054068
-1.28000000000002 -0.929734193358217
-1.27000000000002 -0.927513629619896
-1.26000000000002 -0.925235942114948
-1.25000000000002 -0.922900128542131
-1.24000000000002 -0.920505184566058
-1.23000000000002 -0.918050104375642
-1.22000000000002 -0.915533881257871
-1.21000000000002 -0.912955508186727
-1.20000000000002 -0.910313978427015
-1.19000000000002 -0.907608286152874
-1.18000000000002 -0.904837427080703
-1.17000000000002 -0.902000399116206
-1.16000000000002 -0.899096203015256
-1.15000000000002 -0.896123843058221
-1.14000000000002 -0.893082327737414
-1.13000000000002 -0.889970670457262
-1.12000000000002 -0.886787890246787
-1.11000000000002 -0.883533012483973
-1.10000000000002 -0.880205069631551
-1.09000000000002 -0.876803101983712
-1.08000000000002 -0.873326158423256
-1.07000000000002 -0.869773297188634
-1.06000000000002 -0.866143586650321
-1.05000000000002 -0.862436106095959
-1.04000000000002 -0.858649946523642
-1.03000000000002 -0.854784211442743
-1.02000000000002 -0.850838017681613
-1.01000000000002 -0.846810496201489
-1.00000000000002 -0.84270079291593
-0.99000000000002 -0.838508630441227
-0.98000000000002 -0.834232025507655
-0.97000000000002 -0.829870636569461
-0.96000000000002 -0.825423962807278
-0.95000000000002 -0.820891092252622
-0.94000000000002 -0.816271277831883
-0.93000000000002 -0.8115637932571
-0.92000000000002 -0.806767933862093
-0.91000000000002 -0.801883017436997
-0.90000000000002 -0.796908385060347
-0.89000000000002 -0.791843401927804
-0.88000000000002 -0.78668745817665
-0.87000000000002 -0.781439969705126
-0.86000000000002 -0.776100378985697
-0.85000000000002 -0.77066815587132
-0.84000000000002 -0.765142798393772
-0.83000000000002 -0.7595238335531
-0.82000000000002 -0.753810818097241
-0.81000000000002 -0.74800333929086
-0.80000000000002 -0.742101015672446
-0.79000000000002 -0.736103497798712
-0.78000000000002 -0.73001046897534
-0.77000000000002 -0.723821645973108
-0.76000000000002 -0.717536779728446
-0.75000000000002 -0.711155656027474
-0.74000000000002 -0.704678096172564
-0.73000000000002 -0.698103957630494
-0.72000000000002 -0.69143313466126
-0.71000000000002 -0.68466555892661
-0.70000000000002 -0.677801200077417
-0.69000000000002 -0.670840066318947
-0.68000000000002 -0.663782204953177
-0.67000000000002 -0.656627702897259
-0.66000000000002 -0.649376687177296
-0.65000000000002 -0.642029325396581
-0.64000000000002 -0.634585826177478
-0.63000000000002 -0.627046439576159
-0.62000000000002 -0.619411457469415
-0.61000000000002 -0.611681213912783
-0.60000000000002 -0.603856085469274
-0.59000000000002 -0.595936491507994
-0.58000000000002 -0.587922894471989
-0.57000000000002 -0.579815800114658
-0.56000000000002 -0.571615757704143
-0.55000000000002 -0.563323360195092
-0.54000000000002 -0.554939244367251
-0.53000000000002 -0.546464090930374
-0.52000000000002 -0.537898624594968
-0.51000000000002 -0.529243614108417
-0.50000000000002 -0.520499872256095
-0.49000000000002 -0.511668255827075
-0.48000000000002 -0.502749665544121
-0.47000000000002 -0.493745045957665
-0.46000000000002 -0.484655385303504
-0.45000000000002 -0.475481715324029
-0.44000000000002 -0.466225111052801
-0.43000000000002 -0.456886690562352
-0.42000000000002 -0.447467614675127
-0.41000000000002 -0.437969086637533
-0.40000000000002 -0.428392351757095
-0.39000000000002 -0.418738697002767
-0.38000000000002 -0.409009450568497
-0.37000000000002 -0.39920598140018
-0.36000000000002 -0.389329698686188
-0.35000000000002 -0.379382051311703
-0.34000000000002 -0.369364527277131
-0.33000000000002 -0.359278653080916
-0.32000000000002 -0.349125993067114
-0.31000000000002 -0.338908148738154
-0.30000000000002 -0.328627083849349
-0.29000000000002 -0.318283751006136
-0.28000000000002 -0.307880264432338
-0.27000000000002 -0.297418365624359
-0.26000000000002 -0.286899829357057
-0.25000000000002 -0.276326462799174
-0.24000000000002 -0.265700104597739
-0.23000000000002 -0.255022623932226
-0.22000000000002 -0.244295919539258
-0.21000000000002 -0.233521918708717
-0.20000000000002 -0.222702576252123
-0.19000000000002 -0.211839873444222
-0.18000000000002 -0.20093581693873
-0.17000000000002 -0.189992437659214
-0.16000000000002 -0.179011789666161
-0.15000000000002 -0.167995949001259
-0.14000000000002 -0.156947012510004
-0.13000000000002 -0.145867096643737
-0.12000000000002 -0.134758336242257
-0.11000000000002 -0.123622883298186
-0.10000000000002 -0.112462905704277
-0.0900000000000197 -0.101280585984893
-0.0800000000000197 -0.0900781200128881
-0.0700000000000197 -0.0788577157131591
-0.0600000000000197 -0.0676215917541507
-0.0500000000000197 -0.0563719762286017
-0.0400000000000197 -0.0451108858437747
-0.0300000000000197 -0.033841129852114
-0.0200000000000197 -0.0225645473827861
-0.0100000000000197 -0.011283412149382
-1.96752336645289E-14 -2.22011237747908E-14
0.00999999999998033 0.0112834121493376
0.0199999999999803 0.0225645473827418
0.0299999999999803 0.0338411298520696
0.0399999999999803 0.0451108858437304
0.0499999999999803 0.0563719762285574
0.0599999999999803 0.0676215917541065
0.0699999999999803 0.0788577157131149
0.0799999999999803 0.090078120012844
0.0899999999999803 0.101280585984849
0.0999999999999803 0.112462905704233
0.10999999999998 0.123622883298142
0.11999999999998 0.134758336242213
0.12999999999998 0.145867096643693
0.13999999999998 0.15694701250996
0.14999999999998 0.167995949001216
0.15999999999998 0.179011789666118
0.16999999999998 0.189992437659171
0.17999999999998 0.200935816938687
0.18999999999998 0.21183987344418
0.19999999999998 0.22270257625208
0.20999999999998 0.233521918708674
0.21999999999998 0.244295919539216
0.22999999999998 0.255022623932184
0.23999999999998 0.265700104597698
0.24999999999998 0.276326462799133
0.25999999999998 0.286899829357016
0.26999999999998 0.297418365624317
0.27999999999998 0.307880264432297
0.28999999999998 0.318283751006095
0.29999999999998 0.328627083849309
0.30999999999998 0.338908148738114
0.31999999999998 0.349125993067074
0.32999999999998 0.359278653080876
0.33999999999998 0.369364527277092
0.34999999999998 0.379382051311663
0.359999999999981 0.389329698686149
0.369999999999981 0.399205981400141
0.379999999999981 0.409009450568458
0.389999999999981 0.418738697002729
0.399999999999981 0.428392351757057
0.409999999999981 0.437969086637495
0.419999999999981 0.44746761467509
0.429999999999981 0.456886690562315
0.439999999999981 0.466225111052765
0.449999999999981 0.475481715323993
0.459999999999981 0.484655385303468
0.469999999999981 0.493745045957629
0.479999999999981 0.502749665544086
0.489999999999981 0.51166825582704
0.499999999999981 0.520499872256061
0.509999999999981 0.529243614108383
0.519999999999981 0.537898624594934
0.529999999999981 0.54646409093034
0.539999999999981 0.554939244367217
0.549999999999981 0.563323360195059
0.559999999999981 0.571615757704111
0.569999999999981 0.579815800114626
0.579999999999981 0.587922894471957
0.589999999999981 0.595936491507963
0.599999999999981 0.603856085469243
0.609999999999981 0.611681213912752
0.619999999999981 0.619411457469384
0.629999999999981 0.627046439576129
0.639999999999981 0.634585826177448
0.649999999999981 0.642029325396552
0.659999999999981 0.649376687177267
0.669999999999981 0.65662770289723
0.679999999999981 0.663782204953149
0.689999999999981 0.67084006631892
0.699999999999981 0.67780120007739
0.709999999999981 0.684665558926583
0.719999999999981 0.691433134661233
0.729999999999981 0.698103957630468
0.739999999999981 0.704678096172538
0.749999999999981 0.711155656027449
0.759999999999981 0.717536779728421
0.769999999999981 0.723821645973083
0.779999999999981 0.730010468975316
0.789999999999981 0.736103497798688
0.799999999999981 0.742101015672422
0.809999999999981 0.748003339290837
0.819999999999981 0.753810818097218
0.829999999999981 0.759523833553078
0.839999999999981 0.76514279839375
0.849999999999981 0.770668155871299
0.859999999999981 0.776100378985676
0.869999999999981 0.781439969705105
0.879999999999981 0.786687458176629
0.889999999999981 0.791843401927783
0.899999999999981 0.796908385060327
0.909999999999981 0.801883017436978
0.919999999999981 0.806767933862074
0.929999999999981 0.811563793257081
0.939999999999981 0.816271277831865
0.949999999999981 0.820891092252604
0.959999999999981 0.82542396280726
0.969999999999981 0.829870636569444
0.979999999999981 0.834232025507638
0.989999999999981 0.83850863044121
0.999999999999981 0.842700792915914
1.00999999999998 0.846810496201473
1.01999999999998 0.850838017681597
1.02999999999998 0.854784211442728
1.03999999999998 0.858649946523627
1.04999999999998 0.862436106095944
1.05999999999998 0.866143586650307
1.06999999999998 0.869773297188619
1.07999999999998 0.873326158423242
1.08999999999998 0.876803101983698
1.09999999999998 0.880205069631538
1.10999999999998 0.883533012483961
1.11999999999998 0.886787890246774
1.12999999999998 0.889970670457249
1.13999999999998 0.893082327737402
1.14999999999998 0.896123843058209
1.15999999999998 0.899096203015245
1.16999999999998 0.902000399116195
1.17999999999998 0.904837427080692
1.18999999999998 0.907608286152863
1.19999999999998 0.910313978427004
1.20999999999998 0.912955508186717
1.21999999999998 0.915533881257861
1.22999999999998 0.918050104375632
1.23999999999998 0.920505184566049
1.24999999999998 0.922900128542122
1.25999999999998 0.925235942114939
1.26999999999998 0.927513629619887
1.27999999999998 0.929734193358209
1.28999999999998 0.931898633054059
1.29999999999998 0.934007945327213
1.30999999999998 0.93606312318155
1.31999999999998 0.938065155509427
1.32999999999998 0.940015026612008
1.33999999999998 0.941913715735629
1.34999999999998 0.94376219662423
1.35999999999998 0.945561437087872
1.36999999999998 0.947312398587358
1.37999999999998 0.949016035834915
1.38999999999998 0.950673296410932
1.39999999999998 0.952285120396663
1.40999999999998 0.953852440022865
1.41999999999998 0.955376179334245
1.42999999999998 0.956857253869639
1.43999999999998 0.958296570357785
1.44999999999998 0.959695026428569
1.45999999999998 0.961053510339575
1.46999999999998 0.962372900717804
1.47999999999998 0.96365406631635
1.48999999999998 0.964897865785872
1.49999999999998 0.966105147460649
1.50999999999998 0.967276749159001
1.51999999999998 0.968413497997861
1.52999999999998 0.969516210221253
1.53999999999998 0.970585691042452
1.54999999999998 0.971622734499542
1.55999999999998 0.972628123324148
1.56999999999998 0.973602628823042
1.57999999999998 0.974547010772369
1.58999999999998 0.975462017324197
1.59999999999998 0.976348384925115
1.60999999999998 0.977206838246571
1.61999999999998 0.978038090126672
1.62999999999998 0.978842841523121
1.63999999999998 0.979621781477005
1.64999999999998 0.980375587087112
1.65999999999998 0.981104923494472
1.66999999999998 0.981810443876808
1.67999999999998 0.982492789452573
1.68999999999998 0.983152589494276
1.69999999999998 0.983790461350758
1.70999999999998 0.984407010478115
1.71999999999998 0.985002830478947
1.72999999999998 0.985578503149619
1.73999999999998 0.986134598535214
1.74999999999998 0.986671674991868
1.75999999999998 0.987190279256181
1.76999999999998 0.987690946521379
1.77999999999998 0.988174200519941
1.78999999999998 0.988640553612368
1.79999999999998 0.989090506881808
1.80999999999998 0.98952455023423
1.81999999999998 0.989943162503857
1.82999999999998 0.990346811563578
1.83999999999998 0.990735954440039
1.84999999999998 0.991111037433138
1.85999999999998 0.991472496239662
1.86999999999998 0.991820756080771
1.87999999999998 0.992156231833092
1.88999999999998 0.992479328163137
1.89999999999998 0.992790439664811
1.90999999999998 0.993089950999751
1.91999999999998 0.993378237040256
1.92999999999998 0.993655663014574
1.93999999999998 0.993922584654313
1.94999999999998 0.994179348343747
1.95999999999998 0.994426291270809
1.96999999999998 0.994663741579555
1.97999999999998 0.99489488824564
1.98999999999998 0.99511434890463
1.99999999999998 0.995325247009471
2.00999999999998 0.995527875987829
2.01999999999998 0.995722521001963
2.02999999999998 0.995909459106066
2.03999999999998 0.996088959403771
2.04999999999998 0.996261283205659
2.05999999999998 0.996423492932656
2.06999999999998 0.996582186292471
2.07999999999998 0.996734444212445
2.08999999999998 0.99688049847569
2.09999999999998 0.997020573852392
2.10999999999998 0.997154888254168
2.11999999999998 0.99728365288749
2.12999999999998 0.997407072406043
2.13999999999998 0.997525345061921
2.14999999999998 0.99763866285557
2.15999999999998 0.997747211684361
2.16999999999998 0.997851171489731
2.17999999999998 0.997950716402786
2.18999999999998 0.998046014888303
2.19999999999998 0.998137229887053
2.20999999999998 0.998224518956371
2.21999999999998 0.998308034408925
2.22999999999998 0.998387923449608
2.23999999999998 0.998464328310519
2.24999999999998 0.998537386383964
2.25999999999998 0.998607230353449
2.26999999999998 0.99867398832262
2.27999999999998 0.998737783942105
2.28999999999998 0.998798736534243
2.29999999999998 0.998856961215659
2.30999999999998 0.998912569017664
2.31999999999998 0.998965667004461
2.32999999999997 0.999016358389142
2.33999999999997 0.999064742647455
2.34999999999997 0.99911091562934
2.35999999999997 0.999154969668219
2.36999999999997 0.999196993688036
2.37999999999997 0.999237073308052
2.38999999999997 0.999275548681117
2.39999999999997 0.999311990920645
2.40999999999997 0.99934672688376
2.41999999999997 0.999379829970218
2.42999999999997 0.99941137076524
2.43999999999997 0.999440858498547
2.44999999999997 0.999469452617715
2.45999999999997 0.999496679418725
2.46999999999997 0.999522599098236
2.47999999999997 0.999547269473168
2.48999999999997 0.999570746061326
2.49999999999997 0.999593082159932
2.50999999999997 0.999614328922095
2.51999999999997 0.999634535431237
2.52999999999997 0.9996537487735
2.53999999999997 0.999672014108174
2.54999999999997 0.999689374736161
2.55999999999997 0.999705872166515
2.56999999999997 0.999721546181079
2.57999999999997 0.999736434897259
2.58999999999997 0.999750574828965
2.59999999999997 0.999764000945741
2.60999999999997 0.999776746730133
2.61999999999997 0.999788844233322
2.62999999999997 0.999800324129042
2.63999999999997 0.999811215765845
2.64999999999997 0.999821547217721
2.65999999999997 0.999831345333116
2.66999999999997 0.999840635782392
2.67999999999997 0.999849443103752
2.68999999999997 0.999857790747662
2.69999999999997 0.999865701119818
2.70999999999997 0.999873195622681
2.71999999999997 0.999880294695622
2.72999999999997 0.999887017853694
2.73999999999997 0.9998933837251
2.74999999999997 0.999899410087346
2.75999999999997 0.999905113902147
2.76999999999997 0.999910511349105
2.77999999999997 0.999915617858196
2.78999999999997 0.999920448141086
2.79999999999996 0.999925016221331
2.80999999999996 0.999929335463468
2.81999999999996 0.99993341860105
2.82999999999996 0.99993727776364
2.83999999999996 0.999940924502793
2.84999999999996 0.99994436981708
2.85999999999996 0.999947624176147
2.86999999999996 0.999950697543867
2.87999999999996 0.999953599400602
2.88999999999996 0.999956338764599
2.89999999999996 0.999958924212556
2.90999999999996 0.999961363899376
2.91999999999996 0.999963665577146
2.92999999999996 0.999965836613349
2.93999999999996 0.999967884008359
2.94999999999996 0.999969814412215
2.95999999999996 0.999971634140722
2.96999999999996 0.99997334919089
2.97999999999996 0.999974965255732
2.98999999999996 0.999976487738452
2.99999999999996 0.999977921766041
